-9938
8852
594
-7980
-3403
-7120
471
8061
-1207
-9482
1140
-8449
4786
670
-8974
1157
-5113
-6060
-2341
-9533
6198
-7679
-8872
-4124
-9462
9197
-5898
-1038
7155
-9742
-6909
-6626
-3169
2920
-3761
4686
-8159
-4877
-520
-107
-8449
6093
1218
500
9434
6300
-6123
-9187
-495
-653
-3444
-9704
4454
5665
-5968
3315
-9322
-4280
-2462
3973
3024
180
-1406
-8684
-8865
-1292
3841
-1396
179
2879
753
6637
-7479
6844
-8684
-9731
-4669
8845
4312
4692
7781
-6033
2523
5275
1879
-5648
7145
7619
-2997
-9341
3835
-7656
-8117
4915
-2550
-4617
3229
-6972
-5158
-4359
4533
-7876
7281
-1730
3588
7971
6258
2210
8961
7495
-5463
5894
-976
-9969
7084
1914
-6300
3597
7553
6309
-8122
4014
-2133
-897
4307
9210
-2057
3612
3203
1760
2323
158
2369
27
-4450
-2149
9354
9209
2785
-7432
-8552
-6505
6147
-6809
-5502
-4071
-2718
-4349
-4441
3612
-475
-9023
9547
-9997
789
-3728
-9923
-1084
3492
3604
-5380
-9800
4451
-2375
8648
1740
6845
-6564
1164
2416
8814
-3239
-4286
4153
2772
-9226
4804
-889
-5781
2209
-6936
6828
1528
-5752
3239
5037
-4659
-4017
-5986
7542
-7470
3067
-4832
-1231
6996
-7593
3687
6851
2270
-8654
-7595
-7464
-3971
-6173
8051
8460
1479
-9850
-7327
3661
-8022
-4197
3482
-2305
9248
-5478
-9302
4607
-3306
3702
7558
8210
3257
-1286
-4474
2060
-2697
1085
-2233
8898
-5019
1753
-9411
4296
-2128
-7361
-2289
-6050
-2633
-5238
5331
-7399
6868
-1843
-2623
6595
5039
4989
-7762
-5418
4760
-2618
-8824
-1435
-2211
4872
-299
-3183
-6424
-8484
-9065
4841
-7660
6991
-4207
-2203
-108
-4720
3623
-6987
821
563
-312
6386
6787
-6651
3827
2817
-1398
2473
-4096
2577
9418
9601
-1104
2623
-5774
-8186
9614
-3496
-1528
-5924
7788
5042
9977
2358
-4090
9766
7276
5498
-9436
7175
515
8664
-354
-3874
-3355
-924
-7140
6430
6543
5866
1005
-6841
5590
3289
-8984
7968
4806
-6157
-2210
8509
-4305
2289
-6299
2649
-8070
2182
2004
-1011
4678
-3278
-9224
-1466
-9045
-7657
-4944
-1497
-9713
-1026
-1812
5559
333
8736
1700
1107
3307
522
7523
5502
5790
4330
-1385
983
-5364
7632
-7963
9253
-4557
8244
-3233
-8426
2701
3693
955
-4270
-4624
9455
5375
-1526
-1472
-796
-4464
-7694
-2350
-120
-4186
9649
-3759
-5691
-4121
8024
4240
8528
-2423
5823
-1553
4088
-4708
-7057
-4806
-2249
414
-1400
-519
-7637
-1836
-1696
8984
-8418
8820
-6876
2572
-5630
9726
-7607
6003
8835
-9777
-8723
9767
-9590
-6464
3287
1691
-549
3059
-2874
5312
-7409
6589
-6758
2493
-3923
-9045
-152
1000
2813
-3749
4922
-2150
-9800
-4560
-193
1287
5615
-9090
-2734
-4864
6532
-3562
5258
-8311
-5204
9422
-9861
-2260
6676
-4109
62
5103
-9490
-506
7537
6603
6087
9403
-5227
2099
9276
-812
-6470
-4285
1912
-4331
-5620
3604
-4974
-3236
-5495
3849
1805
-756
-487
4372
-6139
-618
8128
4517
8370
8305
214
-8300
915
-3869
4286
-5439
9073
9619
8515
-8244
7728
-629
-466
8279
-311
740
7323
-2439
-2756
5058
2363
-27
8705
254
1395
1539
3628
-9859
-9330
5385
7629
1306
8411
2677
-1206
-8456
-7552
7416
8631
8533
-7147
2881
8277
-9641
9090
3017
4368
6988
-3664
9234
-8741
-725
3721
2068
128
9524
2804
3718
-1409
6930
7841
7602
-6994
5493
2606
2521
1759
2455
8552
6446
6214
1109
2275
3573
-2493
-8674
-2798
-1255
8728
6833
-2911
-3118
-1253
-1482
5114
-826
6096
-5074
-8866
1821
8879
5686
230
-9922
-8388
1921
-8636
-5841
-49
-1460
772
637
5780
6823
-2511
-7721
-3134
973
5802
-2204
458
5420
-8812
3961
-1066
-3287
-2517
4057
-1364
5959
8883
-8271
-8135
2848
5662
4325
5337
-2348
-7206
-1065
-1881
1753
5196
9344
-5019
-7760
-1472
3745
-5461
4071
-928
-7792
-2068
-3683
-5307
9221
-117
-7174
-3324
-9682
1029
1439
9241
-5331
-6035
-7992
-9833
5014
-1211
8604
974
8359
-7982
-3510
6361
385
4908
-7899
-1218
-6858
9160
821
-8446
-5485
4985
2499
2180
403
6465
-4675
-9669
6652
-7608
3176
-2009
-4784
-8388
9643
-8971
4245
-51
-8702
-4798
5507
-8894
7368
-8479
-3789
-7252
-4277
-5195
-1569
5309
-6398
981
-2562
-9052
9942
-9301
-5442
-5380
-4741
-7939
-2373
-1344
-8409
3848
-7154
9784
7492
-6071
8717
6910
-1667
6583
4808
-5962
6695
2086
1569
-4001
8579
-6195
406
6307
2474
9649
-8273
-6475
-1447
-164
-8305
-6675
9117
-9892
-3046
8159
-730
8481
-2979
2890
4226
6947
5870
5834
7409
8382
3319
4491
9702
-4516
-1255
-449
6578
5886
6936
-3101
9686
8987
-6817
-592
9598
4094
-2728
-2071
-4599
-8592
-6593
3077
-8140
-2628
-8067
4575
9104
4120
7290
8394
-8413
3396
-3904
-7597
4631
-6213
-8512
444
5000
-3523
-6009
7319
8775
-9234
-331
-3422
-2292
2697
1867
5320
-5224
-7269
-8898
-3358
-4241
1325
-2688
-7075
-2446
3092
-7395
608
6541
4221
-9455
-9400
3296
-3115
-5534
-8472
7471
-2219
2840
-7451
2788
8133
5680
-7706
-805
-9054
-3508
2570
-7818
-1810
3832
2908
-545
-2877
1375
7746
642
8674
-2245
68
-5700
-2656
-6444
-7439
464
-7967
-2370
-628
-8428
-5128
-4870
-9552
8736
-857
-5195
-4316
-7634
4700
-5225
-2323
-9150
-592
-7888
-4774
-1807
1512
-8339
-6614
-2136
-8083
5097
5225
-1772
-9724
9761
8821
6947
-3306
1587
990
8074
1911
-733
71
-6129
214
8977
8235
-8828
-5101
-7130
-260
-6297
8937
4791
223
4022
-471
-1947
5195
6672
5533
-7886
8903
-4407
4771
2685
583
-1301
9450
-9285
6273
-9956
-4092
9228
-387
2477
9279
3865
-1092
-4169
-1164
-8525
5704
4276
2862
-5964
-1709
-6449
-6812
8921
-3886
6333
-1647
3026
8640
6160
896
-936
-9178
-204
-8033
4216
-4941
-3491
12
8399
509
-9419
9973
-6158
-2734
-9863
5986
6605
-8478
6237
-2623
-4145
-1341
-2936
2294
7290
-6691
9304
-5159
-2892
4986
-3161
-9911
1160
-3493
573
-8542
-1900
5317
4368
5369
-7752
-5946
1811
446
-2985
4848
2052
-2068
-4441
-6113
-7509
9422
1221
-2276
3367
-5412
-1857
-8564
620
-1757
-1111
-8002
858
9635
4075
5562
-3549
-7065
8203
-1433
-5560
-2964
-675
-7440
-9196
-2523
2579
3828
8310
-3736
9524
-1150
-2314
-1319
7378
-9017
-5590
2680
462
-83
2245
12
6669
5859
-3665
-7451
-464
-1617
391
1637
8118
8467
-3383
2749
-5868
-9149
-263
-9888
-3118
4674
1760
1344
4849
-7641
3704
-9140
-279
-4452
3945
4692
-1062
-6439
5008
-1250
511
148
-1219
-1115
-4897
6270
-1066
54
-456
7987
1245
-2770
3894
4573
8056
5282
-678
9500
1515
3212
-1061
2488
-4287
8465
-2300
-6763
-2903
-8250
-6639
-1519
3478
-9645
6620
4189
7110
-2205
7971
-1333
-3296
1581
21
6971
9096
-1767
2160
4553
1676
-2582
-3893
-6178
-7813
8607
-3791
9729
-7488
-8352
-5564
5159
-4766
-6651
-5342
5702
-3011
3203
-6388
-7141
-5510
-6561
-6198
5124
-25
-708
3251
-6316
3901
-7123
809
5352
7521
-2991
-972
-1678
-554
8383
-3996
7096
3237
403
7101
-4954
-4283
-2653
6118
-5646
7384
-5725
5221
8055
-4343
7992
-9323
6591
5461
7760
-810
7986
8581
-1164
208
5998
2684
4746
8612
5664
-8891
2812
4971
-5026
-9903
-9245
-9778
-152
6318
1746
-1202
-7630
6526
-3028
2729
8868
-306
2144
4382
-9660
-3078
6401
4111
5615
-5601
-570
-1038
670
-5144
2022
1056
1417
2453
3266
4846
1423
-3493
9492
3234
4013
2367
-7991
648
8600
3246
3948
3156
9283
1836
8582
-5726
1970
6779
6354
5906
-3922
-4049
-6622
-8803
-8927
-7813
8570
4507
8047
-9555
4895
390
-9384
7227
-804
-1751
-1974
-3538
-4943
9506
-850
-1670
8125
3733
-624
-3563
-3329
-7266
2104
9747
367
3438
9921
-1844
9674
-6801
-5831
835
-5057
6590
4244
-8655
5528
-5738
-9043
2566
3712
977
5342
2925
-608
8402
7284
2912
-708
-927
-4610
7525
5831
8254
9736
-2514
-8197
-797
-1689
-6689
3092
7396
6532
-8863
9971
4391
4722
8211
-5094
4962
6498
191
-609
3665
-530
2862
-4574
-6783
3790
-9601
-7917
-132
-7674
-1144
-3270
2342
2374
-1641
-1556
-8532
7108
-5516
7238
-8041
-7281
-7100
4617
-6917
-1789
4056
8574
690
-5771
-6287
-6018
-5690
-3408
-7414
290
-7458
2646
-5605
-3724
8812
-3657
-5418
3567
-7251
-7829
-8119
-2256
6911
5570
-3301
6840
-81
-7378
9176
9992
-2498
7835
-1097
-6353
1378
9534
8099
2960
7882
8869
-9160
2517
7076
-1726
-3744
3201
-6733
-5349
7124
-1653
9911
3257
7675
5589
5945
5073
5346
-3469
-1749
9231
-7427
8906
3668
6433
-8982
4037
-4276
-3574
-1770
7386
-3182
-656
332
-8973
6339
2549
-3894
2372
-5781
4498
495
6400
-305
-8753
-3724
6360
-9949
-9496
-5865
1002
8549
1976
-9950
-6881
9550
-3793
6205
-3456
-8322
-8532
2011
-9650
2092
4334
6506
-9633
-6838
-2046
2239
-1282
-5657
3714
8714
-789
-2209
3541
6003
-8707
2933
1865
-4121
-2292
2398
5877
4315
9557
8910
4
3766
-6960
5786
-4679
9677
3594
287
5208
-3525
2746
-939
7698
-9440
2685
1732
6318
-3454
-1578
6764
15
-979
9292
2877
2845
-911
-1334
8987
2918
979
-5631
-6774
-8006
7379
897
2606
7527
7899
7420
4921
93
-7561
-5785
2375
-2313
-3080
1569
7898
-5822
-826
9482
-8870
-7235
-6089
-5966
3220
-6388
-5014
1047
8753
5011
-5726
4938
4544
-7664
7162
4184
-43
9266
-7841
6128
-9673
7969
-9959
4309
-2917
-3503
-8682
5311
-5742
2304
4496
-4240
-9214
5747
6027
6126
-9834
899
1942
5263
-8542
-242
-9890
5443
180
2671
6332
8143
10
-8556
-6074
-1577
1809
-6465
2469
-3626
-2994
1344
-3155
454
-9824
-3743
-9199
564
1055
-4242
-1791
-4501
364
-1516
-1537
-139
4123
-1094
-6237
1524
-2445
-4877
-5610
-5171
4564
8641
-9461
-3185
6058
6172
3742
-3064
1399
-407
6145
-1102
-6457
5681
-4873
-56
3999
8444
9103
-855
6081
-2861
9455
-5721
-8526
1030
-5799
9956
9540
-4770
9663
-5532
5718
-2218
5250
4732
2563
-5291
-4080
-1786
-1712
9240
-7642
-3326
-2349
68
7120
1491
-2965
-3130
9347
9028
-3387
-3983
-1806
2725
-2165
-4014
-978
5271
8552
5513
2627
-2666
839
-3867
3009
2052
-2221
3595
8789
3112
-6655
-8913
3217
3443
-1682
-2906
-6063
-871
4896
-4477
-2667
585
8016
-842
4095
-6582
-6881
7740
-4762
6976
6592
-2643
-1021
2050
-7649
6422
6601
442
-3077
5357
-3882
-3691
5202
1435
-9887
-7364
5662
-9256
4588
-8521
5462
-2129
9569
-49
5358
4281
8707
5161
-4985
2512
-8179
5994
6581
5795
6438
-1672
9985
8694
-8127
-4898
4499
6006
-4228
-9238
2153
-3305
4854
-9483
4014
7002
5642
-591
8771
-6864
-2267
-8451
-157
9241
-3715
-8968
-7846
-7889
-6575
7948
-3153
2151
-3323
-8603
-1659
6533
631
623
8418
-8667
9058
8427
-1349
8048
-4139
-2493
-996
-2358
3497
3014
-5641
9264
9345
-6456
-4425
6316
-9641
-8531
-139
-6617
-9295
-4779
1889
394
-7766
2215
-1284
3959
2697
-1184
-3985
4839
-6954
989
9919
-7215
9656
-1704
8427
5742
-5156
5285
8816
7563
-9050
3807
-7839
5103
2804
-8588
3602
-3754
2514
-2215
421
3649
-9953
7456
-3230
-1244
-7363
3472
-3859
-1769
4246
-3006
17
-6970
5965
499
8677
-5845
-9262
-6694
6109
6925
-8103
-4235
-9269
-9176
-6512
9261
-3965
7158
4641
-2136
-441
-9557
8254
5136
1542
6509
6894
6179
9559
-9738
2054
8608
7016
8274
-7687
-4610
4719
-1629
-5868
-4269
7965
6263
8278
-2104
6564
5516
8108
7142
-7297
-1486
-6569
9848
-5502
-4727
9114
5756
-3153
7013
-2736
7509
-9623
-1048
9162
-302
-211
-9329
5505
-4460
-1727
-3549
8584
2648
-273
723
-1905
2616
-3412
-969
-2875
-7061
-2875
-9028
9028
-8999
2513
432
364
6517
-5254
-8639
3353
-4533
-16
9642
9576
-7698
9377
9750
8711
-7833
-4850
6402
9908
-4780
-9476
9767
3681
1551
-9413
-2246
-7215
-94
-3909
9534
-7077
-4458
-2891
-3660
-2903
-2114
4693
440
7530
-7804
-653
6904
-8492
-1551
575
-6916
-3543
2702
768
-3851
-4294
9034
-4164
-2493
-3404
-9261
-4745
-824
1057
6636
-7850
-7107
9632
-637
3125
-239
-7811
7416
9371
2462
441
-1721
1117
5161
-1750
616
-2300
6286
-393
3185
-894
-5766
2638
-5421
8523
-7854
-8503
-4905
-5
-6349
3708
4261
-9239
9368
-6745
-2760
7703
-312
-9724
6301
7912
463
143
6901
-4441
9149
-1465
-2481
-4051
6353
-5413
-2694
-5832
-2725
8865
-7781
2866
5238
-7307
-9752
7532
-8292
-1693
2717
-2399
-8659
7893
-6035
7209
-6003
5858
8454
9509
-3661
1237
3158
9023
3874
7758
-8332
-6530
5981
8439
5466
5012
7654
-1475
9377
4116
-3772
-9828
-5003
6352
-3850
-6108
6688
6746
5025
6454
-6349
3400
-4819
5337
9423
-3041
-9416
8479
-4931
9103
-368
-8934
-2808
4102
-4726
-656
-2742
-6987
-5514
3125
9953
-8124
-7002
3374
-882
5098
-61
-1541
2342
1236
-8646
-9626
4997
6226
-7434
-3900
841
-3111
-6811
-5287
6011
9123
-1088
7328
-8240
-6672
5526
1863
2927
-718
-7061
-8737
6807
1451
2480
819
8784
-8204
-3133
6192
1711
8390
3529
6723
-606
-4317
-1187
3128
-5918
-6596
-8431
7131
7497
3105
5385
-6371
-9223
6761
3762
-9967
-4727
7415
3388
8634
91
-27
-6075
-5975
5451
-8950
-3094
3316
-4944
-9146
7798
-3163
5481
9785
1658
-6398
-6041
2142
-680
1802
-2908
3019
-7057
7863
-5270
9297
5941
-3315
-1674
-3848
-5717
9204
7562
6800
-6591
4201
-3583
-6162
2354
-9185
6573
-1453
9480
8641
5227
-9954
3303
4713
-5011
7355
4128
-5767
-6036
2294
-5619
-7242
2134
-493
8432
9998
3937
8957
3684
3879
-5633
1933
-9729
-4735
7153
2957
9484
-2522
4017
-1548
-8413
-3708
2657
-2680
2046
5567
-9562
-4648
-3610
-2806
8642
-2120
8252
-3920
4573
-5710
9588
5394
-4408
-2687
888
2944
590
2436
4288
-5522
5639
5896
4476
5160
-7059
-5233
9401
9718
961
-4480
2100
-4032
5427
-2754
1185
-2691
-1597
-9506
-4526
-555
-1673
-496
-228
-1906
6649
-5806
2428
2940
-9566
-5800
8255
6347
-10000
-1254
1737
-300
-8655
-2477
3978
7551
5785
6318
-2140
-6183
665
9645
4181
3559
-4858
-6841
-3978
2940
-9854
6522
9574
2124
7066
6934
-6008
-1415
8908
-2979
8317
-6132
-1200
9653
-1608
-1452
1193
-695
-377
5013
6762
-5602
-2944
5196
6928
1087
-6306
-2496
-4822
-2500
2389
-8176
-986
7904
-3223
-8606
1013
-9955
-2890
5565
-7810
9938
-1863
3313
5596
-7298
3416
5047
-6733
3577
6683
-3302
8874
5224
-172
-6387
-5453
5930
7619
-2043
-797
605
-5463
4153
-105
-1028
-1592
-1671
5680
7928
5591
-7841
5329
4481
-6434
-8610
-1524
-8417
4340
1884
3377
-7021
-5899
6534
2510
-7616
7544
-100
-6076
5987
-1182
7843
-8411
7819
-4743
-9460
9687
-4
195
-5210
-3891
5439
-342
-2845
5394
4435
5687
-6135
6982
7666
9710
3369
6475
-7363
9458
-2665
-4562
-1619
1291
-96
589
7258
-5274
-8496
8070
-2010
-896
-362
320
7664
3799
1281
3506
-7628
8944
5573
1386
1921
6017
4827
-1925
8732
5558
111
-4533
6681
570
2298
-5943
-69
2584
-8464
-7390
9982
-1875
912
-8026
-3607
-7765
1337
8976
8217
-4748
-7390
-5687
-7779
-4597
5155
-2244
1094
225
2686
5339
-422
7144
-420
-335
-3380
8504
-6061
-2217
-8587
4210
2726
-9256
-7913
4702
324
2326
-3507
-6332
7706
-8145
6287
-437
1082
2386
-9299
-5112
3904
6778
-1392
-4550
5257
4144
4444
262
-5318
-5188
-5755
3779
6910
-2089
1146
9517
7620
1056
9038
-5525
-8942
8512
7403
-9322
-3422
2375
2599
-5334
-1249
3871
-2953
-2015
3468
9863
-1713
-7805
-1890
-2612
2908
7707
9808
-859
-6622
26
430
4644
8852
9569
708
-9060
-4226
6900
1123
-7592
-1247
-922
5909
5257
7108
-5457
-8309
-1026
7738
-1598
-822
-3840
8609
436
7174
-115
-9207
5852
8646
7988
-9463
356
-821
9855
5830
1677
-8764
-5829
-5154
-1623
-4002
-1760
-6998
4086
142
766
2751
5767
9553
-4354
-6447
-8561
-7304
-3599
-2697
3500
441
-3539
3819
-7779
-704
422
-8373
-8084
1697
-6461
2817
-3368
3369
-6475
-1525
3479
-8581
8201
-3474
3374
-8745
-777
1865
2908
8008
-6129
-2495
9691
9060
-1575
-372
72
4549
9219
-9216
1361
161
-8512
-3483
8666
5026
-7799
3371
6170
-1743
-5428
-8731
-5299
-9058
9826
976
-8056
-7532
-3988
9151
2811
2632
-4945
-5929
-2687
-504
-6751
-6127
3722
-1969
-535
9497
1670
8106
-2262
5943
3091
6116
-7608
-8590
-5559
-7700
9446
-4095
2829
-8459
-5207
8479
7309
-4717
3167
-4709
5834
-75
-8012
-878
6306
-7371
9515
2455
-8647
-3878
-3593
-2337
668
7135
3318
424
-7227
-7046
7364
8715
3348
817
-2107
-730
-8197
-8104
-5421
-7744
8543
-9810
8585
-5560
-843
-6557
7954
-281
7402
-4675
-7606
-7649
2270
-9583
-9200
9228
6350
-7292
-898
-1575
3369
9143
-1702
-3735
-8402
6700
4220
-1284
-3187
1878
6902
6982
-8878
-8767
-1158
-8532
5029
-6269
621
5942
6618
5769
-6991
9168
5451
-6058
-530
3949
-9558
8802
-4841
-4722
729
9396
4255
7880
2168
-7336
-1644
2820
6929
3757
2101
-9102
-5971
9445
-367
1859
-4753
-3825
-7113
5253
-1589
9696
-1266
-8444
3140
7481
-9661
-9130
-2243
8469
-6983
-1197
5228
3349
8536
-9877
-2345
-4740
-9412
9069
3652
-9952
-9329
6251
1125
9925
-5770
5025
4414
-4165
-88
2373
2436
-9606
-1672
5686
983
-2947
-7908
-6533
-7157
5440
1398
-8859
4254
-7917
-2694
-2507
8848
-2381
-6930
-8938
532
-7242
-1020
-2104
-8599
-8366
21
5051
-9745
9228
4333
4977
4752
-9521
8120
1141
-3598
-709
-8888
-655
4244
-218
-1452
-3001
-4198
-7651
-1296
-2002
704
-6636
-8706
5711
1015
-4261
4737
5021
-1655
297
-8553
-5212
7121
-100
-1685
-8137
-6636
810
9919
-6163
1027
-5640
-4039
5761
-1083
-1916
-1286
-5601
1011
-8018
-4834
-2621
-4308
-9353
241
1935
-7466
6432
2398
2970
1374
2802
7556
-6632
-7731
5959
-5283
-6214
-7885
3665
1893
-3345
-6967
9051
3044
8460
6327
1802
-9752
1749
-4726
8787
-8983
2408
5927
-8630
9425
-9879
2049
3657
5120
8566
-3432
2856
-879
4255
115
-2607
9468
3230
-8901
2701
2627
-6720
9810
-9822
5307
-9392
-1294
-8446
-1801
11
-6697
-331
1620
3417
-5136
-5067
9107
-4475
1028
-6094
-7000
-2608
4166
4822
-3231
-8558
2470
5708
9027
-8899
8465
2679
3765
8332
7426
8088
-3860
-1005
8060
-1034
4828
-6158
-9117
6574
-4586
8626
119
-9139
3150
374
-5816
5025
-8178
-4533
338
-9427
8861
-9707
3521
-6526
-6391
6833
-5961
8762
1575
1165
-476
6584
-1339
-8432
-7150
-8845
478
6624
8056
339
-3321
459
3406
-8515
-1395
1987
-854
-3758
-3293
-445
5398
9850
9357
7210
-1440
6865
863
4530
-8202
4187
3948
7480
-9499
-6067
7366
9236
5938
-2715
-1770
-367
9128
2593
5839
-6008
-5959
-8104
751
-9156
-4086
7999
5952
158
-8884
4256
-3811
-8602
-4835
-1421
-4026
493
4344
-3419
9608
-6258
-7786
-9622
2369
-2709
-9092
-5006
-1818
-7810
-9727
7107
-6528
4202
811
-3842
1419
1066
-3826
-1957
-6547
8868
-6761
-6286
-840
-1437
4180
-8372
-9598
1572
-7409
-6502
148
-1925
4599
-9971
2949
331
-7789
-1710
7541
-2718
2128
2726
-6941
-9006
6596
-6948
8972
-5177
-1800
2282
-2122
1593
9413
-3070
-529
4946
-5132
-3254
-3102
-6811
9080
2994
3982
-3257
-7715
-5980
-932
-3603
-6593
-6014
-43
-5455
-8383
7627
6014
-9679
5917
1808
-1521
-2906
-5150
9366
-4581
-6684
1226
603
1432
4440
-7271
3371
-1227
-4708
5234
6576
-748
-778
1362
-1527
-7025
2757
9805
-7246
-7514
9022
5050
-435
-7439
-2516
-3580
-1929
-8809
-4457
6276
7069
-6488
3249
-5819
4777
2380
-3024
7156
7024
-7680
7574
6025
-1640
1725
-274
5122
-7999
-7295
7691
-7340
-3658
8526
-5271
2671
5458
-3096
9452
7778
-6898
-3844
-9471
-2809
679
9019
9288
7640
169
-9349
-5599
239
4408
-3051
-8318
918
-4338
2775
6351
-2683
4569
-9162
3228
197
-5530
7977
-2970
7490
-744
-3607
2934
-3636
-6082
-8844
-9184
-98
-2317
-6947
6003
-8891
-5028
4700
94
3575
-971
-8770
-7652
-3313
4991
7950
-265
7640
3913
9166
8231
3552
-9851
-6933
2225
7663
434
7499
-142
8758
-827
1751
-1061
-4734
-1745
-2736
9475
-1654
-7260
469
-5828
-6346
3642
-8190
1854
-6171
9918
-1659
7162
1854
7777
-2340
-1551
6178
-2217
5253
-8076
-4347
-240
5411
-6595
-1631
6244
3466
-9251
57
-9770
-9600
9902
-9821
-4110
8338
-9752
4726
-7652
9007
-115
295
-4229
966
9566
-1801
-2945
-2994
8980
-4776
-1224
6587
7809
-5578
-461
5596
509
3324
-1421
-1543
-5695
1754
-4819
-3964
-6524
2154
-6553
9454
-3936
3315
4804
1964
9520
363
-1633
-6085
8616
-2140
-9775
-2250
-5017
8605
2117
2445
-2692
2366
5795
-7267
-5280
7257
187
7784
-5016
9834
-1508
-8363
8398
-3574
3797
-9006
-7834
7271
8075
8694
-7266
-4527
8215
-7046
6999
742
7198
-3571
-8879
2957
7122
1160
-4630
1915
9776
-7714
6452
5919
-6579
-4482
7686
8486
-5200
7934
4899
4804
-1811
-8321
7028
-7120
-1022
-4015
-1052
5347
-3753
1119
788
4350
7829
-5522
-4449
-403
-5036
-8226
5338
-4541
6386
995
-8257
3248
8272
3038
1015
3396
7127
-9495
5907
3299
8734
-311
-4118
2711
7547
3990
5673
-6794
-6835
6506
-6647
456
-2648
-8385
6742
1486
5528
3578
-8782
-4055
117
3224
3588
-326
5356
9452
-7717
6443
8407
-7200
3873
94
-8270
3954
-989
7950
-7189
9505
5366
3013
-6398
-904
8297
-1816
-2111
-2860
-4595
2258
8487
-4483
8480
9168
2968
2553
7063
8347
5684
-1594
5687
-1162
3785
-7854
8295
3230
-83
-4551
5647
-9935
-3590
-5208
-3730
9367
7386
-958
-72
8735
4919
1908
-8019
6297
8944
-3128
2635
-8021
333
-1766
-7324
-9806
9545
-3206
229
4240
9702
5954
-4135
2298
2994
-6137
-5365
-911
-677
9524
1847
-3118
-9945
-8565
4901
-9954
479
-8984
-6516
5760
-4407
-184
9089
-7572
-7124
-2699
-6778
-3431
3537
8137
-4163
5224
87
5399
7732
9471
5139
7077
-5092
-695
6330
7101
3665
882
7131
6548
-8905
-241
-8946
-3588
-6466
-307
3582
4284
4921
-5739
5785
-3784
-5577
-4518
-4064
-5317
6358
4778
-8957
1261
2995
-3982
-6916
-5459
8191
-1924
-290
-3110
6982
436
-4157
5227
-4923
-7406
4169
-7268
-9103
-8947
-4058
-6988
-8744
4573
4105
-8070
-2954
-4505
3826
-2555
-4457
-3817
-7506
4202
9779
-2864
-2181
-6790
-1096
-584
8844
-4698
-9194
1231
2338
3781
4431
-7484
-8235
8110
9789
7040
-7415
-9190
9546
-3108
-9594
-3342
7768
9694
-9769
1787
8648
6854
-5255
-7845
-5103
-1704
9876
7012
6818
-9337
5862
6555
646
-3186
5605
-977
-5963
7488
-1282
8727
283
-5077
4232
-8603
8397
7420
1346
9533
-8396
-9530
6425
-9408
7676
-56
-8884
-8325
-1729
1894
-6936
-8017
7833
-5200
-9532
-1406
317
6216
-6074
2124
9758
5473
-7370
9966
-7926
598
-7209
7911
3730
-1490
8268
-5076
-9264
5328
756
2973
1235
-838
3039
-7779
2327
2198
-2437
-8979
-685
7615
-4732
-9636
7048
3641
-7450
-5726
3686
8935
-526
3370
-6267
-2584
-9214
-8033
384
8297
-5705
-2708
-8507
-2287
-708
-4070
-3577
-105
-6376
-7787
4723
9907
6729
-7331
-8410
6335
6606
-9516
-9510
2359
8364
368
3751
5346
-4368
-2925
-1
-2366
2239
-7278
-4719
3431
8954
9619
-6010
1593
3334
-1516
5864
-7638
-4852
2176
1546
6406
5255
5640
6925
-2492
-8869
-497
-3829
-1969
-7551
9103
7008
2166
5530
-4741
8265
9472
592
4694
1529
-7945
5338
-4662
2067
-5856
-1596
6269
-2803
6208
-5636
-4628
-2411
-2595
1939
-312
-4
3284
4790
1805
-8295
-5546
3732
-4282
-7897
-9523
-5984
-6406
-2009
7000
8270
3572
-1212
104
-7384
-1088
5976
-2537
-726
-8981
-6830
5690
6084
3668
-4066
910
-6833
1972
-7069
5510
121
7414
-1996
3845
-5884
-2097
-9636
4134
4188
-4443
-1700
5522
4801
-4099
-3769
2796
4770
6566
-7147
-6024
-5723
7989
8740
8999
5656
3802
-8141
9331
1883
-2706
9621
7302
-2148
-487
-2885
-555
1652
8666
-7145
-7260
-8608
2022
5088
4437
-3533
6463
-2593
-5148
-5563
2633
-7479
8494
-5151
-7208
-7047
-323
5385
-6542
4566
6861
2451
1823
8858
6830
8686
1363
-7833
-7479
-3042
-1879
-7488
-8036
-9961
3709
-6879
6158
-8169
-4814
8791
1995
-6609
-2675
-9206
8258
-4796
1889
7813
-7555
-4804
-8247
-2774
-1408
-4254
762
-7889
801
1688
6261
-6114
-7254
5482
-1828
-1890
-8471
7086
5141
8607
-7687
2376
842
5285
-2907
6841
-9530
8998
484
-9969
1235
3562
5991
-92
1105
3590
1805
-2558
-2074
6265
2368
-1993
480
-7940
7614
-9893
-5691
-582
779
-5035
7531
-6847
2610
9404
2997
9690
8200
302
2510
1467
5885
-6088
4857
-7607
5234
-4071
5775
-1174
3177
-8940
7084
-233
-6371
-7353
-5332
-9009
289
-4410
-2526
1710
-6300
3752
5565
-9534
9473
3794
370
-2620
2131
6101
-3949
3768
-8986
4901
9560
-6203
-7985
7193
-5171
-9878
3215
3629
4184
-4544
6380
-3194
-339
-21
3722
6562
-7202
-1359
-4588
-5802
-4628
-1645
-8641
-7120
-6026
-1384
3077
-2794
5104
-1026
765
800
-8303
-3314
4915
-8064
8472
-6262
6625
-4437
4174
-2730
4673
5678
3933
-3526
-640
-1579
3573
-8226
-5035
196
-6762
-1071
-8550
9530
-9628
6334
7552
111
-7018
3792
-2962
-3716
7724
-3876
-2752
4063
6476
-8411
1448
2564
-6267
-6386
-2959
7736
6007
-7656
-6594
-1379
2621
690
6543
81
-4390
-7242
-8316
-9891
-3926
3365
6041
796
6781
4880
7406
-8899
-5304
-1671
-5660
638
2176
3432
500
-1809
2892
-7165
8558
-2491
-7902
-6925
-5783
-2550
-2677
-2033
-615
3550
6797
6465
7617
-8378
-4272
-1138
-2857
9019
-6754
9636
-2140
-2749
6124
-1795
-540
7952
-8654
-1801
3745
8868
-6598
6199
-1866
7853
4057
-6471
-4631
5274
9167
-2248
5768
-3279
-1377
-515
-6323
3517
-2269
5665
-2560
-3190
7088
4272
-9481
-908
-9889
2074
1741
-7525
1441
-9862
3261
2681
3212
4796
1965
9889
1105
26
-3840
-2468
-5636
-1981
-2313
-9836
-7023
-2002
6405
-9467
-4508
-6427
-8144
-6416
-2805
9181
745
-6625
-3623
9964
-6471
965
-2863
-3654
-7037
5472
-6405
-5773
1814
1977
5323
673
7263
-3699
-9512
-9728
5632
-1716
1767
2751
-9334
-6612
-2757
-1755
3294
-1499
9514
8843
570
771
-1111
-7909
-4790
-5482
-3642
-2042
-6351
8523
4109
1438
-2579
4094
-6173
-2777
-276
9465
1996
2860
1411
-4391
-2401
1820
-327
-9596
1476
832
4222
-3477
-1448
1826
6242
-7905
-2987
1772
6025
3985
2216
8182
3130
9800
-9683
8849
-8656
-2364
-3595
2735
-1345
-7553
-366
-4820
9287
-1640
-7501
1788
-6818
7508
4845
-3043
4799
-6397
7147
9427
-1306
-9111
8565
8772
-2635
-7625
-9136
2066
7420
-6848
-6703
-5843
8494
-432
8185
9625
-2150
952
-7214
-5458
5264
-6462
4346
-3056
5863
6833
8948
8289
-4018
9697
4482
1306
7470
-8882
2593
4660
-9010
-3425
8461
714
8177
-6710
9099
7552
-4893
6790
-4446
-8292
-1370
1029
1089
224
758
-7820
-2048
8564
-3458
-9288
-8052
-7030
951
313
9027
8938
-6789
-5663
9232
9022
9981
-9330
7295
-3750
9023
4696
2710
-5863
-6153
-3383
8100
9452
-2420
8023
-7916
7697
-2149
-9853
4972
-7549
5342
-1358
-7817
961
8438
-6529
-8
-6357
-1622
-946
4422
997
3658
-6100
8601
5306
5655
7163
-3176
-7272
-2644
-8609
8999
-1779
8410
-19
4730
2218
9453
8927
-4883
-8884
-7769
-5239
6259
9018
4846
7784
-3707
4855
5150
-3959
-4491
-5739
1942
-2430
130
9522
-5341
7426
-4838
8226
4545
-489
5706
5365
1876
-2199
-6690
8161
-8581
5713
-4514
9633
397
-4357
-9316
-2352
-7091
2478
-1631
7187
3839
-8782
-8437
-3151
6355
-4288
6244
-3047
-4598
-3514
9296
-333
4344
-4553
-4254
8085
-586
-7640
725
-5605
78
9690
-9467
-2277
-9958
4643
7075
186
693
-2968
6287
6331
-8492
-1026
-5110
2224
2503
4655
-9678
-2131
-6805
-8212
-1132
-8803
-525
6888
5230
607
-9840
-5580
-9278
1235
6200
-8000
-3278
-2328
-2896
2614
9003
-6859
-4905
-6358
9599
3303
-1832
5932
-9731
1701
-6859
9830
7690
-6650
5833
-674
2624
-2274
-223
2717
9494
8963
2818
4329
-8999
-5687
5325
9786
-3610
-6749
4210
-4629
7312
3833
-9808
-2326
95
-9324
5495
9814
-9115
-5125
-7481
-6380
7670
2141
-8704
9915
8895
6615
9932
6690
9388
8081
7034
106
-8524
8529
-9057
68
-3728
-6084
5169
1649
5765
2999
390
-5978
-9830
-1743
2030
1871
1807
-7247
-292
3405
495
9036
1711
-6754
-1563
-1041
-8773
-3954
-3367
-7967
3882
-791
-8469
2996
-3353
-1342
-6500
3024
-5353
4845
-1617
5012
1787
-2032
3989
1909
-9760
7046
7557
4960
5913
-4737
767
1216
5579
2330
-8879
4721
-3251
-2675
-1619
8673
5092
8189
-8077
3066
-6956
6056
-8872
3038
-7466
9189
661
6718
3738
6874
4800
5320
1709
-7967
7285
-3360
1888
-3206
3228
3558
-5141
147
-295
5153
17
-1057
4423
-8887
-8635
-5237
-9102
-5588
1325
9209
3702
3123
1305
-709
-5191
-7141
2081
1227
-229
-2113
-960
7414
8622
412
-2308
-2473
-5220
-3775
-2515
-8693
-2147
4781
-337
7794
-4412
-950
9714
-6314
-4891
5063
475
-6893
8958
-8940
-4340
-8384
-4039
-3363
5943
9849
8455
-8443
-4532
-3132
4106
973
-9826
-6352
-161
-116
-6840
8858
-6182
7373
-6610
9532
-7464
-5349
-6018
-4032
-4001
386
-747
8550
-3340
6153
3709
-9415
9955
-5446
-6566
-2192
-1185
-9968
-303
-8987
750
-7243
-6474
6166
-5667
2302
-6855
1668
-9545
5012
-1031
2896
3001
-6941
5566
768
-3776
-2293
-7357
-6003
-1825
-1653
-4034
-6960
-9051
-5587
-4376
5416
-1717
8749
-3782
3491
-421
-7055
2359
-8034
65
1724
-2893
-1392
643
-4866
-4784
5147
-7567
690
9014
1143
-2057
2010
-7011
-635
7389
-6015
-9602
4455
-7059
5582
1765
1505
5178
8421
-4384
8761
-8696
4726
-9056
2511
1389
-7738
-8478
-2779
-7875
7327
9292
-3497
-8526
7428
-9077
-520
-8284
-6113
-2697
7234
-1713
4935
4188
9240
-2182
-7135
-342
3603
-4632
-1769
9350
3555
-2147
3846
9464
6300
6524
6347
5337
-8749
5638
-131
-4905
7761
3518
-7025
6334
8278
-423
8241
1140
-6436
8448
9845
3543
2892
874
-4833
5834
7305
-3168
-7019
6811
-1801
-5594
-1765
4906
-3982
-2358
-441
-1428
6891
-9081
8635
-1566
-1937
-5401
3366
7626
3289
8177
9400
4829
-4743
-5935
1890
-2811
1056
9250
-274
-4101
-8261
-9181
-2006
-7722
-546
3105
-6913
7969
5481
3762
-5685
7912
8819
-3549
9097
-6465
4669
-7453
68
4610
-5518
-6444
4726
-3788
-1222
5776
-8692
9536
-5777
-1566
8310
3393
-2263
-2872
1542
5297
-5319
1440
5481
-2329
4805
-1117
6974
-815
3172
1966
2358
4029
6892
-3779
5472
8533
-2465
2160
-869
-4742
2154
5408
5846
3238