10
75 97
49 12 225900992
65 61 428879614
70 14 348034204
55 29 735378313
28 3 717223548
4 43 951783496
51 31 273343943
50 1 870128462
70 6 356095412
37 44 653213095
10 23 180574953
53 11 51635044
3 26 830810248
70 68 886798359
41 50 561704382
2 32 140004843
31 63 177378375
3 36 862222892
73 75 621077702
15 68 455262782
42 56 632043505
12 21 402992811
27 1 577138040
44 11 596797800
64 1 780300026
74 61 841976568
39 42 387614096
64 18 264807077
70 71 910871063
57 45 237506340
1 12 729693427
66 55 613799188
48 53 338889656
47 34 893185000
30 46 131763643
5 70 172462079
17 67 424373285
7 45 371345325
38 8 214634210
75 38 202330424
51 53 138564404
11 58 747863752
69 29 889484682
26 29 817703326
44 69 855448997
29 38 28047555
45 39 906876134
42 60 770642879
20 12 537683994
50 33 802536662
39 19 550838473
9 54 485971607
19 21 998718902
65 40 199746421
53 62 474706633
1 30 804231799
11 52 660074576
62 13 28482819
29 25 214733839
65 52 811345409
58 2 492365908
22 19 595755428
54 5 734970302
67 34 657960272
67 69 164783670
10 37 112197630
68 35 238595380
45 24 819045780
65 4 464260675
70 53 480402852
72 60 188367002
58 59 547162600
16 61 238709105
11 50 841126016
57 27 988294667
12 18 393772262
65 56 656309655
45 50 243854402
75 44 384644939
63 2 800657528
69 31 710792780
12 42 798217737
68 21 942605601
6 33 925722196
31 67 876928887
1 66 246761098
49 50 946230583
54 11 82149174
70 58 393758970
34 59 714425049
17 2 293251607
56 2 711798207
7 55 448374156
23 66 740171223
46 8 540500309
72 19 839858410
34 61 851763365
47
56 70 53 57 869059809
24 30 4 6 534883893
17 29 6 58 514500849
42 43 30 45 159020941
56 63 8 8 192076839
35 54 19 54 717652926
34 40 5 70 662164659
3 19 1 30 517257041
26 64 36 62 304806387
44 59 48 70 903401209
18 20 53 55 265510828
25 38 39 73 405463027
40 57 69 75 821188963
6 65 49 59 682603488
10 73 10 23 897696903
38 38 48 73 52171755
5 73 2 51 748867270
47 59 14 19 370466786
23 51 2 26 549012108
63 69 65 75 352461780
1 34 47 54 347985403
46 55 3 48 692206620
5 71 49 59 278974215
27 31 74 75 5530978
48 63 39 49 669442654
47 66 21 63 571567794
17 50 21 38 869337850
14 66 6 53 738166632
27 44 62 69 654144324
46 51 20 75 885944167
7 40 17 64 664571117
27 53 51 54 64654209
51 51 7 39 19569567
28 56 1 22 629989037
15 56 15 44 387148694
4 74 60 68 613203922
67 68 23 59 405966924
40 57 16 25 6197968
1 72 14 57 12943703
26 34 26 27 265780245
21 46 35 49 942965076
28 30 46 47 286008073
24 27 7 17 267770440
3 29 30 40 3431908
46 48 40 44 443220451
27 42 17 59 292298471
22 41 7 71 243018704
19 2
9 52
7 2 234874383
3 1 897138602
6 1 177597073
8 4 911756866
3 4 93646060
8 5 393965063
3 7 172629369
9 2 429506783
5 3 710495921
1 4 909315504
5 9 927805950
9 3 628608837
1 8 336401907
9 3 200236886
8 9 350063771
7 8 675640960
8 9 380450572
9 6 332388774
5 6 632222590
4 1 561298468
6 9 427207268
5 6 123745863
5 3 903832505
4 9 41054996
6 1 892078297
9 8 35350833
6 3 21735247
1 4 366596694
8 5 818190904
3 2 126173498
8 4 704160239
6 5 36324786
1 7 879249608
4 6 777353532
5 7 837507549
6 6 192645602
7 2 943708159
1 8 939629541
5 5 734768370
3 4 227447414
7 4 817592920
9 7 242202139
1 8 736851898
8 8 477995335
9 4 932021820
7 5 552374794
5 8 896712891
5 2 504768917
6 4 424330269
7 7 578895563
4 6 358166485
4 5 426330816
52
3 7 8 8 754139468
3 5 2 6 836538099
2 7 9 9 147323960
4 5 2 6 448458798
1 4 4 5 736359355
2 7 7 9 192368239
3 6 4 9 551109502
1 6 6 7 845145759
5 6 6 8 464097268
2 8 1 9 506619227
3 5 1 5 609102422
4 9 2 3 175652597
4 4 6 7 413650711
6 9 8 9 699383518
6 9 3 7 652007479
8 8 6 7 848235875
3 4 2 7 441073441
5 6 1 9 193994288
7 8 7 8 207225513
2 8 2 4 798173916
2 2 4 5 343477277
1 9 1 4 56906271
3 8 2 9 323480902
3 8 1 9 120924973
1 2 3 4 186221942
2 5 4 7 383635513
5 8 3 4 596498654
3 8 1 4 833231795
4 4 2 9 3720554
4 8 3 8 954132890
4 8 3 5 857006520
1 9 6 7 120852664
4 6 1 5 560600218
2 6 4 5 151702867
5 8 7 8 172164853
6 7 5 8 607118703
5 8 2 6 858446782
8 9 2 2 137986594
4 5 1 8 936276176
2 5 7 7 717295907
6 8 6 8 416136427
3 8 5 8 885252956
2 4 2 3 392358589
6 6 4 7 562635727
1 9 1 5 151515903
4 5 2 3 756626307
1 8 4 7 412776613
1 9 2 9 772936480
5 6 1 7 693471758
6 7 1 5 496166752
3 7 3 7 143350558
4 7 1 2 14980016
6 3
94 98
69 31 917529608
69 94 407611304
62 43 862207172
27 31 790245513
50 31 989598743
91 93 331067650
4 39 271633215
51 35 375670313
31 17 379961612
53 9 193963038
63 68 552760142
64 40 913816813
83 34 657296619
30 68 737576211
14 36 215892941
23 63 143520794
44 6 353313724
72 62 87876668
80 74 265386639
66 20 540565434
38 57 390092561
43 58 796549210
28 75 205998536
50 34 22896498
82 89 608603181
90 61 302427569
45 31 848678594
42 90 721979994
79 3 166299466
73 71 55857859
12 83 303814813
82 8 321139318
78 21 944598709
60 89 580958453
59 29 361765777
37 92 695260623
44 57 557143776
70 46 137435708
46 15 221248590
19 11 773434160
80 82 833449878
52 29 929923428
85 39 543231364
31 19 947726970
47 38 422703689
53 37 943060733
67 18 860799871
22 66 123427719
14 27 199576802
81 42 962260458
40 24 75830099
20 2 524183947
91 63 511378023
7 1 172555700
49 94 818561310
43 91 156955919
33 54 389760302
56 10 118291073
86 33 278682694
7 49 751978389
59 33 529662513
59 77 784134443
55 52 778310353
52 39 771734149
26 30 419885561
44 73 495901972
22 25 285903148
30 65 30246516
89 5 854047940
3 53 45450494
78 22 709210463
48 84 637852666
83 41 716581249
46 16 306193446
90 57 79954980
13 30 150763057
38 59 282493041
57 15 501850898
63 53 917842073
35 25 915817744
60 76 784847884
88 70 543547471
73 67 649860283
90 50 432048066
14 72 321939089
86 87 312390654
36 10 887591932
85 32 588818627
28 52 445430930
47 64 748708270
48 83 462507627
8 44 558011665
38 66 336510169
83 85 386757522
44 52 504467549
13 62 563395016
57 46 168682814
80 61 111089053
83
10 87 28 53 397164043
25 85 3 46 146013632
39 40 16 53 709801425
5 20 12 86 223420636
75 86 14 35 813434093
45 66 34 39 696970838
14 78 18 90 835864768
59 68 30 71 66116602
44 93 45 55 729117206
27 67 14 65 605797859
35 91 9 83 864402323
33 51 69 78 224610432
54 91 22 91 100751807
61 79 15 22 748036854
38 50 49 94 374080779
37 91 41 55 219876587
48 72 20 73 871359964
34 80 84 91 96040430
63 64 48 70 237338935
23 47 29 30 230605537
78 94 39 74 977630818
24 34 71 73 286834872
8 60 4 10 765516360
20 56 75 91 157472837
44 89 74 76 222404407
45 61 12 78 877933999
34 71 70 81 288016912
20 65 17 58 273619561
28 39 67 70 471564924
64 84 7 46 478147301
21 33 30 62 201386839
93 94 35 39 112648423
14 26 12 23 675976275
22 47 73 76 981624791
62 67 23 85 744083680
12 43 7 31 554279193
26 52 59 91 866020989
33 91 35 57 435381122
24 29 1 47 949847499
8 59 2 39 837140981
52 91 13 17 928760434
70 90 3 94 447475842
43 61 17 56 214223001
39 93 10 23 78209112
52 69 72 83 364859750
81 87 55 79 864149706
50 83 43 90 280735439
7 26 56 89 291740593
38 62 23 31 355556522
29 51 42 64 102443999
23 68 23 30 624699980
29 60 10 31 720883744
37 48 37 46 652864665
30 38 59 80 480675663
46 93 50 51 905510402
4 76 24 75 375219521
10 61 59 85 980476568
33 69 17 49 587567193
47 72 3 48 873166339
42 76 11 24 594303657
18 56 42 59 87762436
35 90 73 80 415602239
12 47 31 66 866117342
56 60 24 64 915971328
26 47 16 92 685975185
23 82 11 78 353447140
5 41 54 55 41946203
63 68 36 56 886628194
6 91 7 86 860090421
59 84 46 70 808528810
13 29 2 12 646957137
61 85 21 80 720575127
57 87 15 70 747012183
57 85 42 45 48558650
5 13 71 94 507912644
46 61 11 87 908247549
13 42 48 81 21813881
5 29 6 68 689667715
25 59 63 90 837306321
18 56 18 84 810948933
3 34 37 87 812188419
90 94 3 76 924489248
41 57 26 88 442199886
93 48
15 81
14 5 894716165
10 6 886902493
3 2 89610627
15 12 92554188
9 7 977256212
4 12 324041135
13 5 165646481
9 2 153007497
1 8 979197621
12 7 71538335
10 8 288419486
9 14 23614924
3 11 518714872
6 2 318254768
1 1 805304955
12 6 14321341
12 15 462933230
11 13 572473027
11 3 597730227
5 14 247091757
14 8 316709806
6 3 58096390
15 3 60615699
8 11 840934837
7 5 61822733
14 12 509921774
5 6 347540586
2 9 938936637
5 7 363921255
8 8 60889597
1 12 850745910
9 10 49634348
8 2 816045860
3 3 545894774
15 10 395367214
4 4 837981050
9 7 804075031
11 8 461590123
5 1 975209374
5 11 340164116
5 11 709494013
14 1 872344970
14 6 904594373
12 9 923118450
10 12 479869969
3 2 650958175
3 15 876160586
14 6 620911072
8 15 848368578
12 3 303256662
10 6 91927981
11 2 731189564
12 15 928600544
10 2 410241500
12 15 41593831
8 14 502060618
1 3 910310116
11 5 941551608
9 4 252943215
6 4 356582583
13 11 460287809
9 12 160139125
14 12 927492519
4 7 559765767
1 13 205733534
8 11 409842675
10 13 624250126
6 6 864821343
6 3 41566715
1 11 705846872
4 6 773659511
13 14 780565709
15 3 242507589
14 14 925443504
3 1 590818945
1 13 162360545
6 13 298615380
10 6 145487239
12 8 892433866
8 8 983550130
2 15 212521036
39
5 11 8 15 773462558
3 6 11 14 438382257
1 4 1 11 868088797
4 5 6 13 154547039
10 14 11 15 866576917
2 2 1 4 712022643
2 13 5 15 471437940
5 14 2 2 171599844
2 11 6 6 301527596
9 11 2 9 686511948
7 8 3 9 777852680
3 7 11 13 317170767
14 15 8 9 459598097
8 12 4 9 641617666
11 14 10 10 132429616
11 14 2 2 503924142
1 7 4 7 824813460
6 7 7 15 161051545
3 7 7 10 277122672
4 15 1 9 957721981
10 13 7 10 632057385
6 13 2 6 490564225
4 6 2 11 378588613
9 12 5 6 155321773
2 15 8 14 351041271
7 8 7 7 730464235
1 13 3 10 788460235
4 11 6 14 556654534
6 8 7 9 992417435
7 9 5 13 250880060
1 12 2 11 935243916
5 6 5 10 231446307
6 8 15 15 748553085
6 9 6 7 287959962
6 11 6 8 799169511
1 10 3 12 13367387
5 12 3 7 84873166
3 14 2 14 312553380
5 7 1 11 140398464
11 10
100 100
18 6 927965706
72 18 1328876
48 8 909018398
65 95 992007709
67 20 336536586
15 95 697409791
42 18 257903315
61 23 296327876
99 72 14080293
78 25 471025668
35 45 578033768
31 18 799363154
85 18 292540199
52 40 376066679
59 86 602924555
99 60 544473043
98 86 916732802
97 59 507220396
81 69 504624306
14 56 257987636
4 36 605759794
83 46 689778899
98 76 66773883
30 11 316915165
21 18 975250513
34 49 559414461
53 33 497144087
45 56 424420625
51 17 354279859
34 84 653269330
39 81 215300475
21 57 16113951
34 92 630287329
10 16 500830178
62 28 653214776
40 71 212684640
10 26 4305636
46 6 117564777
80 10 648602692
88 54 171905875
79 53 188604752
88 39 55621015
40 23 86887616
22 78 741710051
87 13 558052254
58 81 452384706
29 20 499582769
93 87 36528990
85 32 154446378
79 37 420179901
92 1 940088416
6 1 588456890
87 45 333179111
24 51 862003928
68 45 250492075
35 100 45595022
5 94 258983232
43 27 291087843
90 26 847547688
56 82 742006225
79 78 266697198
58 63 958222715
66 88 519768875
67 94 589926707
18 77 850891422
73 38 667481971
52 41 417186837
3 86 853671210
40 14 878903529
56 62 347076994
1 81 154372913
8 92 253148031
79 6 527125292
36 9 645787171
96 8 982530965
49 86 677758340
2 20 504189482
58 91 360436774
94 11 359995705
63 89 818030200
43 64 981953826
44 28 765031316
52 69 794722641
10 74 473786486
47 92 207200718
95 92 116072956
94 92 825624602
1 73 589560286
63 55 906003006
86 51 562886398
36 79 52086651
34 10 965338078
72 70 351340862
75 35 318472195
88 43 853185435
14 19 744892442
81 12 282037949
14 50 520035565
7 33 473875880
99 37 885403737
0
89 82
15 35
9 14 80006365
9 6 164485200
9 8 451643344
13 5 581893547
4 11 858684410
1 8 577265064
3 8 74343593
5 9 517723162
10 7 297653185
1 12 732259767
4 5 848427352
6 15 59496018
2 7 564127579
7 1 657734187
3 14 446070709
7 2 443607048
11 11 65393903
3 11 460760909
5 13 563310087
7 5 449738774
1 5 493218081
14 6 905921080
14 15 328096146
10 14 778706235
14 12 519655649
3 5 218056119
8 12 539431273
10 15 971469941
14 12 100415945
9 7 262301596
14 3 674836393
7 4 196520682
3 7 242442395
8 8 945174482
11 8 122317604
35
4 7 2 3 156701715
4 11 6 7 18897745
1 8 6 6 860022812
8 11 6 15 668679560
10 13 5 15 53377859
3 11 14 15 20894716
5 14 4 4 173726520
2 14 5 6 677539974
5 11 4 8 5936840
3 13 4 8 627432434
10 12 6 8 198244845
3 7 2 10 278096845
7 11 1 15 493354010
1 3 8 11 333887493
4 7 5 8 721633149
5 9 3 9 286267791
1 5 9 11 253009643
5 11 9 10 370629097
9 14 12 14 502034881
5 8 10 15 577022192
9 14 2 8 790446591
9 9 10 14 769502227
10 15 9 11 910702744
6 12 7 13 441675640
5 11 9 9 75919004
7 14 11 14 87931474
2 14 3 6 619713693
9 14 3 8 712765254
4 15 1 5 102922093
1 4 1 6 57820706
4 15 1 8 941074820
9 13 12 13 478952723
5 15 4 14 665015790
10 11 1 14 3005760
4 10 7 11 349778937
3 5
21 40
14 4 290364966
10 2 989509571
13 11 863927830
8 16 976793361
19 3 574963581
5 18 916082130
21 14 984695180
21 7 931275409
3 18 405698411
16 12 916895294
16 2 664377110
13 15 707290187
1 2 952918582
5 1 722413551
9 20 553894720
17 21 697207599
9 19 727183676
6 1 430804731
5 13 699219773
5 4 935628218
7 14 733955423
17 14 975795879
8 7 861683758
1 13 613291425
9 7 880663720
16 7 892193573
6 15 518081844
17 8 611257698
4 15 840997205
11 9 890710210
5 9 511025402
14 12 667961175
12 20 804093887
5 13 928675060
9 12 804951738
20 17 908576658
20 18 870398643
20 18 802999798
18 7 822707006
16 5 970769216
76
12 12 6 7 340723217
7 14 8 8 185747400
10 14 6 19 330413234
7 9 1 13 92262793
11 14 7 13 290201851
7 17 5 9 174327867
16 20 18 19 133053738
3 15 1 20 67408240
15 21 18 21 42348354
1 16 2 16 31653991
2 4 4 12 139059262
13 15 9 20 10543338
15 18 3 16 10145080
12 15 10 17 49753304
2 4 8 9 44190601
12 20 10 16 109199416
14 21 5 18 112301250
5 6 5 19 75537603
4 14 3 7 191738239
4 21 11 13 682211974
8 14 2 4 208673273
1 21 4 11 810784954
5 12 7 18 483632813
4 19 14 16 180480549
12 13 9 11 448074739
3 19 3 17 91950344
7 11 7 16 57400553
2 21 11 11 720852465
13 18 11 12 203341010
8 10 6 20 1530007
3 11 11 13 173886049
8 19 6 7 575500989
2 3 10 18 213975075
10 19 11 21 377993677
2 14 8 16 126346937
12 20 9 16 83427790
9 20 19 20 121854245
5 16 10 16 100590829
3 11 14 18 257643456
1 7 7 18 175158498
16 21 9 12 349268871
12 15 4 18 964974243
3 9 5 14 406580066
13 21 13 14 143656606
16 17 2 9 421478848
3 14 4 12 54021139
3 12 9 17 558177444
14 21 11 20 66748192
19 21 3 7 658063560
4 20 15 16 254281859
7 20 8 9 40891303
1 3 11 16 186705060
8 15 2 12 327239997
5 20 1 10 281310328
7 21 2 16 132034134
2 4 9 21 184937559
1 10 13 21 167315825
8 9 2 5 33248901
3 10 5 21 591540483
3 4 13 21 192375490
17 20 4 15 182335510
6 19 8 14 331386199
9 19 11 13 134782053
8 10 13 14 229791875
9 10 8 19 248212324
11 12 6 13 121798801
11 13 3 8 302807591
7 15 10 13 70139827
1 4 13 19 274038602
2 17 5 7 468692578
4 17 8 21 52668040
12 19 18 21 152469692
9 13 7 17 48195571
5 20 19 21 42949175
1 10 8 18 57475810
6 21 7 12 147129129
7 10
24 36
17 12 705918004
22 19 620656311
7 11 719671982
22 13 963885510
16 12 909129950
2 7 861368841
6 3 492928671
21 12 593125405
17 14 631901023
1 7 896834039
3 16 869828406
15 18 899460757
10 4 888559201
5 24 867742609
5 18 953549505
22 17 986870435
8 1 769276564
9 2 764024586
11 20 956768231
15 1 701804344
4 23 804202104
4 14 808569697
1 12 875941398
3 2 672221453
2 23 937540577
7 4 997023380
23 13 845172404
17 24 659307742
8 6 968407373
4 13 968555842
22 19 813660956
12 7 816223151
5 11 640853495
12 22 996319378
9 17 938543401
20 17 489749117
70
15 23 6 21 6704723
19 23 14 16 272258694
13 13 10 20 88363729
2 7 1 14 24426312
5 19 14 24 54127161
1 21 13 20 33438173
8 8 2 16 10217769
9 22 15 22 74644371
8 18 2 6 114148258
19 20 3 9 142455780
2 17 12 24 47156319
17 21 4 21 38006092
16 19 2 19 8712473
2 14 7 15 126025387
12 23 12 13 284703263
5 12 3 7 14039420
2 14 4 14 143827646
11 12 2 22 40318317
17 23 12 13 63352935
20 22 6 19 48340678
12 22 9 19 285672779
10 11 12 19 241540572
13 19 5 12 354019052
22 23 4 4 418152957
5 16 6 16 62934651
8 10 5 22 49085175
14 15 12 18 287434045
3 15 19 22 95320395
2 22 1 21 81454434
8 18 2 3 87205401
2 22 6 21 134375626
16 22 20 23 18196135
5 20 7 22 175524747
5 17 3 18 42613532
11 17 9 15 136897156
15 18 5 22 17854811
15 17 14 18 146354140
20 24 1 7 85843097
8 21 19 24 113988541
2 22 4 9 216857820
18 24 5 20 133877589
4 9 11 15 78666109
13 22 2 3 24520324
2 24 21 21 351000738
2 10 16 21 317571026
6 18 5 9 188037791
11 22 6 6 365870735
11 23 18 19 635600085
1 18 8 16 63992814
15 24 7 16 208618904
6 9 3 15 365158673
16 16 15 22 129805337
11 16 9 14 43793454
5 20 17 23 335777034
13 17 8 23 385763539
4 13 12 24 57663705
20 21 4 17 191329228
8 14 3 22 238338760
9 12 12 21 143745038
13 15 10 24 56325304
11 14 14 22 162953241
6 18 8 8 306776951
6 12 5 14 66457013
12 19 4 7 349419350
6 9 10 20 61246130
6 17 16 17 293407742
6 13 2 15 5174108
8 15 16 16 227548983
17 19 10 16 9198603
12 12 3 17 258826248
17 10
94 98
6 65 888395795
23 25 695784265
64 77 805108701
53 31 867150573
70 49 997939503
67 17 978389708
32 7 927844663
45 42 924567957
86 32 918292996
11 36 864654299
1 24 903626353
53 1 840585730
81 55 993603746
41 94 535789224
33 93 796067399
88 78 884354726
21 40 888382778
12 92 886879743
29 20 839624492
11 70 582405449
70 79 890023012
55 25 880814771
8 34 775057094
62 84 896165637
20 4 914330401
53 87 875845390
51 89 454477606
15 2 850844200
18 93 959853771
6 55 801463702
86 76 951471133
2 89 905567909
29 35 872502224
12 70 951179719
5 75 784023597
68 47 959378112
22 43 913573710
2 34 972995083
5 62 934987490
50 30 947213964
13 86 954480833
85 9 976258287
48 76 924276332
9 70 600885099
20 85 861667823
50 83 734256796
64 23 882068477
67 5 928870247
64 43 928054849
44 45 975601259
89 32 953109017
19 78 943843745
14 30 751692483
91 20 901892710
80 37 913552308
85 56 820595870
27 76 898686261
69 25 819611880
23 66 806979697
70 26 980744240
9 1 991749140
12 10 895277362
24 50 825548026
7 28 927020020
5 32 971128874
58 3 935221441
74 79 919658366
33 82 695164819
73 85 772856767
57 70 893429571
40 85 959555067
45 90 746718239
67 3 958462820
80 89 825205256
32 39 776205792
68 85 974793096
33 61 990436353
20 38 986880388
33 85 875832862
88 24 989032345
63 89 777989600
46 11 809085679
62 72 928615513
54 83 884193789
55 1 843905154
1 32 908099438
9 42 929383254
16 55 921903173
71 88 875501635
12 59 917094113
60 76 855610999
52 85 911849069
26 94 534016200
51 13 811140798
61 47 914889814
41 64 865836300
13 50 827316931
57 7 947360280
16
35 81 12 44 276325686
2 79 15 44 87143528
7 85 37 79 43250482
40 79 45 55 113006121
19 57 50 63 270088117
15 46 10 46 41775430
34 90 55 82 113371070
34 59 35 78 222702749
24 75 3 25 196487663
8 10 47 50 13421799
16 67 20 54 147291449
29 92 39 53 12956494
26 72 53 68 240577658
17 26 1 74 51628346
3 85 9 53 15382229
1 61 45 66 112567508
68 65
100 100
18 38 581653858
23 13 1516111
99 84 6995731
68 51 230092342
21 31 14324172
91 92 221753414
86 30 99449240
84 1 939792249
54 26 934187745
24 63 727345192
31 95 92023955
83 19 671385851
1 11 684882207
21 45 525191559
48 55 198476182
76 85 801368911
83 99 828025833
1 29 13841898
3 55 707610842
33 7 489850888
88 77 661840019
64 58 381021262
86 35 670049873
61 89 138151370
10 84 748489601
68 13 566165365
62 50 35129848
86 58 509431986
35 65 625658599
43 1 735966570
28 38 676982151
74 75 168061352
74 31 899982624
22 46 63179407
80 4 852692863
55 93 571976800
14 30 510737283
13 43 143019377
7 37 846394539
46 53 876891773
61 6 577125819
70 54 999131951
27 2 573481352
80 1 138937569
81 36 430432266
78 22 934439938
60 43 606055376
61 73 371797148
17 9 996438798
62 32 966070633
82 71 166589817
31 84 454505513
14 5 473661509
66 60 696202458
32 65 761619684
16 53 75970574
25 53 75151377
24 96 200832976
21 36 405148867
61 90 889323094
13 38 35216213
94 61 717738378
32 99 720168116
69 87 152575852
2 46 761282443
53 31 250375700
29 9 87183742
28 39 886671803
82 79 775315067
59 92 375677327
42 24 763495604
32 88 84643499
28 12 841049047
84 87 606953040
92 83 149115575
40 99 409860598
43 56 814943784
23 85 10015365
28 57 319186193
15 25 538894530
8 48 880543445
21 48 589060420
49 36 370204774
6 47 863080874
42 46 485615051
72 46 60668505
37 87 92660518
87 73 323635055
54 84 907253014
73 82 236297727
52 78 287709465
35 34 929168422
44 61 749048977
67 49 840555617
13 41 143145260
98 100 360265440
21 20 299393931
9 98 652041279
97 45 528744252
42 77 143541754
0
61 86
