100 100 10 30
10 7 1 2 9 4 5 10 8 10 4 9 4 2 9 7 6 1 7 9 2 1 7 4 3 9 5 3 5 4 6 7 9 2 9 8 6 1 9 5 6 6 6 9 2 4 4 4 2 10 9 5 8 8 3 2 7 1 5 1 1 8 4 5 10 1 4 8 10 10 4 1 9 6 7 1 10 1 7 2 4 8 6 5 3 2 7 2 1 6 4 1 8 7 7 9 10 9 2 7
27 77
48 69
25 100
16 46
47 100
42 97
4 84
38 57
73 98
5 9
10 62
31 74
30 37
23 90
80 95
4 47
26 30
60 92
40 94
34 40
39 97
76 77
74 92
13 66
28 48
7 84
21 90
1 19
68 98
48 72
71 84
31 74
2 91
80 98
23 85
66 78
34 79
33 82
20 89
45 66
14 21
29 67
20 43
30 93
23 67
59 81
45 67
49 82
10 91
18 95
27 76
79 98
31 96
10 19
9 63
36 67
15 51
38 39
14 73
41 66
31 95
10 71
28 54
66 88
41 90
35 78
90 99
26 70
6 88
43 57
26 94
41 84
34 55
54 69
29 67
42 74
14 53
66 100
20 36
18 57
22 35
55 74
19 54
9 37
18 39
83 92
35 93
74 85
23 46
60 94
28 46
5 48
4 95
2 69
29 37
46 92
36 67
2 28
4 16
82 96
7 1 5 10 5 2 5 6 2 10
3 10 3 1 10 1 5 8 6 10
10 2 5 4 5 10 1 2 5 5
8 3 4 4 10 2 6 1 10 4
7 4 2 10 2 4 8 8 6 3
5 7 1 4 3 3 2 6 9 10
3 6 8 2 10 10 9 5 1 10
1 4 5 3 1 1 3 3 4 1
9 7 5 10 4 7 10 2 5 3
2 3 9 4 4 1 7 6 8 4
6 7 5 10 6 8 5 4 9 10
10 6 5 2 8 7 7 1 1 1
3 9 3 5 3 3 10 2 3 1
8 3 5 2 6 4 1 5 10 7
10 1 10 5 2 3 7 6 8 1
3 4 6 9 7 6 3 1 5 3
10 3 3 10 6 2 1 4 1 5
1 10 9 3 10 10 2 7 9 9
1 7 4 8 9 9 2 3 6 5
10 3 3 5 4 9 9 8 4 8
8 9 7 1 6 2 9 3 5 2
2 9 1 5 2 4 3 7 9 8
9 4 5 8 1 10 2 8 2 2
1 1 4 2 8 6 3 6 1 6
6 4 8 4 3 1 10 6 6 2
10 9 4 10 6 2 1 4 3 9
8 9 3 3 4 3 6 3 8 6
8 10 8 10 4 2 7 1 2 10
10 7 3 8 7 7 4 6 1 5
5 5 1 7 1 9 9 7 8 10
1 3 7 5 7 5 9 10 9 3
8 9 9 3 1 7 10 2 6 7
1 3 2 5 1 6 5 7 7 5
9 4 2 1 9 6 1 3 5 5
4 6 4 1 8 9 1 10 7 10
2 3 2 7 3 9 9 1 5 9
8 1 5 2 6 5 4 6 5 6
2 1 5 4 8 7 8 10 2 2
4 9 10 4 4 2 9 3 4 7
3 5 3 7 6 4 1 4 5 1
2 9 7 5 8 2 4 6 9 7
8 7 3 3 9 5 8 10 8 8
6 2 1 9 3 4 9 1 6 7
5 5 6 5 7 5 1 3 1 8
2 4 5 2 1 5 7 9 5 8
1 6 2 10 3 3 8 4 4 5
10 3 2 3 2 10 4 5 3 9
9 5 6 10 9 5 9 8 7 6
7 1 7 4 9 6 4 4 6 2
3 8 1 7 2 7 2 4 3 3
10 4 5 10 9 1 5 1 5 10
8 7 2 7 4 9 1 7 4 10
6 9 4 1 1 1 5 8 10 2
8 9 9 7 2 10 7 7 4 3
8 3 10 10 3 10 4 9 6 7
5 8 10 9 9 7 8 6 2 3
7 1 7 9 5 10 2 5 4 5
2 6 6 2 7 3 2 5 1 4
10 3 10 10 3 4 8 6 9 2
4 3 6 7 5 10 10 7 1 9
1 8 8 3 1 9 2 3 10 8
6 5 10 1 6 8 8 7 10 8
7 4 5 3 4 6 1 2 2 8
2 5 3 6 10 9 10 1 4 5
10 9 8 5 5 7 1 8 3 3
8 4 7 4 2 8 10 5 5 7
8 7 3 4 8 8 2 8 6 1
3 5 3 2 9 2 7 4 7 6
10 8 2 9 7 2 6 5 5 9
9 4 9 6 1 10 3 4 1 7
3 8 1 3 10 9 4 8 1 7
3 6 6 10 10 7 5 2 2 2
8 2 8 8 3 6 7 3 3 4
8 9 1 9 7 9 8 10 6 4
7 6 10 7 8 1 9 10 10 4
1 3 7 2 5 5 10 5 10 6
6 3 6 2 9 3 6 9 4 2
5 1 1 9 8 7 6 2 1 9
8 10 6 5 1 6 8 2 5 4
1 4 8 6 2 6 2 3 8 3
6 9 1 7 6 5 6 6 4 6
9 9 8 9 7 6 4 7 3 1
9 8 5 5 7 4 1 5 10 3
1 8 6 2 1 10 5 7 6 9
9 4 8 10 3 1 5 3 6 3
1 10 10 9 8 5 10 9 8 4
3 5 10 8 7 1 1 5 1 9
4 1 8 8 8 10 1 6 2 9
2 2 3 5 6 9 5 1 2 5
1 8 10 6 4 5 5 10 3 6
2 1 1 2 1 10 7 2 6 5
5 6 5 9 1 2 2 3 1 8
5 2 7 10 2 1 5 8 1 9
3 3 10 5 2 1 4 7 6 7
4 9 6 4 3 5 5 5 10 1
8 10 8 1 10 2 1 6 3 6
10 10 5 2 7 9 5 5 6 3
6 7 10 10 7 1 3 8 10 3
7 5 10 9 10 7 8 2 9 1
1 5 10 1 1 7 2 1 6 2
4 7 9 2 7 9 6 2 1 2
9 8 6 5 6 6 3 8 10 7
5 7 8 1 7 9 2 6 8 8
2 4 8 8 9 5 5 10 7 2
9 6 10 10 2 1 2 4 9 6
5 1 4 3 6 9 10 10 8 6
7 6 4 1 8 6 5 5 3 9
2 8 2 5 7 2 6 1 9 5
10 4 9 1 4 7 1 8 5 5
10 8 10 3 3 10 7 7 3 2
8 6 6 10 7 7 7 9 5 2
4 1 5 5 7 7 6 5 6 6
6 10 6 6 3 6 2 10 2 6
9 2 6 9 7 8 10 8 9 3
10 6 4 3 7 9 7 1 2 10
8 10 1 3 10 2 8 2 8 7
5 2 9 4 7 10 9 1 7 1
3 1 9 6 6 8 8 9 9 5
6 6 1 10 2 8 8 7 5 5
6 4 2 3 7 7 6 10 1 5
6 9 7 1 2 1 5 8 5 3
7 7 1 6 7 6 5 9 10 7
4 5 6 4 4 1 7 5 7 1
2 7 1 4 2 5 2 7 8 3
9 5 1 1 2 9 9 9 5 8
8 7 1 3 3 1 4 1 6 3
2 8 4 2 8 4 5 9 6 10
7 4 10 5 5 6 9 5 2 4
1 10 5 6 1 2 7 7 6 1
9 3 3 3 8 6 2 4 8 5
10 2 6 4 6 3 10 4 2 4
10 3 7 7 7 10 8 8 4 10
2 7 6 3 8 2 1 7 7 9
1 3 4 8 8 9 3 1 2 2
4 7 5 6 7 2 9 1 2 9
7 5 1 9 9 10 5 10 7 6
7 5 5 10 3 1 7 5 2 4
1 1 2 1 2 1 8 5 8 4
2 8 9 3 8 7 5 9 1 6
8 1 9 6 5 10 5 4 6 9
2 8 6 3 8 6 7 2 6 2
10 6 3 4 8 2 7 1 4 8
4 1 2 2 2 1 2 1 1 7
10 6 1 3 2 8 6 4 1 1
4 5 7 7 9 3 8 3 8 10
5 9 1 7 6 3 4 7 5 2
6 8 1 6 8 2 9 2 6 6
7 1 5 4 1 1 5 8 2 8
6 7 3 1 1 8 7 2 4 8
3 2 10 10 1 1 10 8 10 4
2 9 7 6 3 9 7 3 1 1
1 1 8 10 8 3 4 8 9 5
6 5 9 3 9 9 2 8 9 7
1 7 2 9 1 6 2 3 10 4
3 10 1 4 2 3 8 7 2 4
7 3 10 2 7 2 6 4 5 4
9 10 2 7 8 10 5 2 5 10
10 6 7 8 1 1 8 1 6 3
7 1 5 8 1 3 1 9 8 8
9 1 2 5 2 5 1 7 9 9
8 3 6 7 9 6 9 8 1 8
5 6 6 1 5 3 6 5 6 4
5 1 5 1 3 8 8 2 10 9
7 1 1 10 9 4 1 10 3 6
8 5 9 3 10 1 7 1 1 9
7 7 1 1 9 3 5 8 5 4
7 8 9 8 6 1 7 5 10 4
8 9 9 7 4 10 9 3 1 6
8 9 6 10 5 8 7 2 6 6
1 7 1 4 6 5 3 6 10 10
4 9 9 6 6 6 3 1 6 9
9 8 5 3 9 1 6 9 10 6
9 9 4 10 10 2 9 9 6 9
2 7 1 2 4 1 4 10 6 6
6 9 6 10 6 2 1 1 4 1
4 7 3 10 4 1 2 10 10 2
6 6 6 10 10 7 5 2 10 8
9 3 1 1 2 1 3 5 1 4
3 1 8 2 8 10 2 6 10 1
5 9 1 4 3 9 8 4 9 3
7 4 10 8 5 7 4 3 7 6
9 8 4 3 5 5 8 4 9 7
5 2 5 10 2 1 1 3 7 9
5 4 8 7 5 1 9 8 6 8
8 7 4 2 9 3 7 9 7 2
1 10 3 3 5 1 8 4 1 7
6 8 8 1 8 8 4 9 1 8
8 6 8 5 8 7 1 2 8 7
10 7 3 7 8 8 1 1 3 7
8 1 10 7 6 9 8 8 4 1
7 4 2 4 4 9 7 5 7 10
4 5 10 7 3 9 7 5 3 1
3 2 2 9 9 7 5 8 4 10
2 1 9 2 2 5 3 1 2 5
6 2 10 3 1 2 5 6 3 6
2 2 7 9 3 6 7 6 1 7
4 1 8 2 7 2 8 10 9 3
10 5 1 10 1 10 6 9 6 7
8 1 3 5 10 10 6 10 4 10
9 10 9 4 2 4 9 9 5 1
2 4 1 5 3 3 2 3 4 3
5 10 6 2 6 9 4 9 5 4
1 2 6 1 10 7 1 1 10 10
3 2 1 9 9 7 5 10 7 6
3 2 9 1 10 10 9 1 5 5
2 3 5 3 10 10 1 6 9 6
10 6 2 10 9 8 3 5 9 4
2 5 1 9 7 8 5 2 5 1
8 2 5 9 4 3 7 3 8 8
7 6 4 7 9 5 6 7 10 9
5 2 4 7 10 4 8 5 7 4
1 6 3 5 8 4 3 10 10 6
4 3 4 3 7 1 1 10 3 5
8 4 4 3 3 1 1 5 7 10
2 2 5 10 8 9 1 5 4 9
8 10 2 2 4 7 5 10 10 2
6 5 1 8 5 9 4 6 5 5
2 6 3 3 9 3 1 8 5 3
9 1 9 3 8 8 9 5 10 1
9 9 3 3 10 7 10 1 8 3
2 5 10 1 7 6 6 6 6 6
2 10 5 4 7 2 10 1 4 8
2 3 5 9 7 1 2 4 1 2
1 3 9 2 1 2 2 1 10 2
7 7 5 8 1 10 3 3 3 9
6 10 4 6 8 3 7 10 1 8
7 6 9 9 4 2 7 8 9 4
2 5 7 4 6 2 4 6 6 4
4 7 7 5 1 3 8 7 2 9
5 3 10 1 2 1 7 9 5 5
2 10 3 3 10 10 5 3 10 5
6 6 3 10 1 8 4 8 9 7
2 4 3 10 9 10 9 1 8 1
10 1 7 2 3 9 7 5 6 1
1 3 10 4 6 2 7 6 3 5
2 7 1 5 8 1 1 3 3 2
3 7 10 10 9 2 8 2 9 4
7 8 5 9 4 9 6 7 7 1
8 6 6 5 9 1 8 4 6 10
9 7 10 10 10 7 7 10 5 8
4 8 8 9 3 1 8 1 8 5
5 5 8 3 3 1 7 3 9 5
4 5 9 6 6 6 2 3 3 1
3 8 10 1 6 6 4 3 3 8
4 9 5 1 5 10 6 10 4 7
10 4 6 2 1 7 7 7 2 5
3 1 2 6 4 3 3 9 2 6
2 2 10 4 9 2 10 2 3 2
8 5 8 9 1 5 8 1 4 2
6 7 4 5 10 4 9 2 2 6
10 1 9 4 5 5 1 2 3 9
4 8 7 10 3 7 3 7 2 5
9 2 4 3 3 6 10 1 1 5
7 5 10 2 6 7 4 6 8 5
3 8 5 7 10 3 7 2 2 2
4 5 10 7 4 2 8 10 5 10
10 3 6 6 8 1 1 5 9 5
3 4 7 3 6 5 2 4 9 2
3 3 1 9 3 4 9 6 7 5
7 6 2 8 1 2 10 9 8 9
4 3 10 6 4 2 1 6 7 5
8 2 1 9 7 6 4 7 7 10
10 8 8 2 6 9 2 4 4 3
7 2 6 8 7 3 7 4 5 7
2 5 6 7 4 6 6 1 9 2
2 6 3 4 7 5 3 3 7 2
8 1 9 10 4 1 3 7 1 2
4 6 1 3 9 5 6 8 4 8
1 5 1 8 6 7 7 6 6 2
5 4 1 7 6 7 6 3 10 9
8 7 9 2 10 1 6 9 2 6
6 9 4 4 3 6 2 7 4 7
3 8 8 1 5 3 6 3 10 8
3 6 1 7 6 4 6 7 6 5
9 10 3 5 5 1 2 6 1 1
10 9 8 9 5 1 6 3 10 3
9 8 9 2 1 10 3 7 6 4
9 3 5 6 2 7 4 9 9 10
1 8 10 6 6 8 1 1 5 1
7 8 8 4 8 8 10 4 6 4
5 5 7 3 4 6 5 1 5 8
6 1 9 8 7 6 1 6 8 2
3 2 9 8 7 9 4 8 10 4
5 6 1 2 3 1 3 8 4 7
4 6 9 9 4 7 5 10 10 5
2 4 2 6 8 4 4 3 2 4
10 1 2 4 2 5 4 1 8 4
8 2 5 10 5 1 6 10 6 7
4 4 9 5 7 9 3 3 2 6
7 5 2 5 10 8 10 5 4 4
9 1 9 5 8 7 1 2 5 4
7 7 1 6 6 2 4 6 1 1
8 5 7 10 2 3 9 4 10 3
9 8 10 5 10 4 4 9 4 6
2 1 9 9 9 1 10 6 5 2
8 2 6 8 6 9 4 3 1 5
7 1 10 9 1 7 6 5 7 7
10 9 6 1 10 7 5 9 5 3
6 9 8 4 6 9 9 6 6 7
3 7 9 5 4 10 2 10 5 7
