20
5
110572 92061 95567 113159 92832 111172 112406 84254 94971 120150
5
323032 93110 88554 87156 93756 94048 93939 93313 87234 93107
5
96675 94919 82589 94189 119397 75495 233820 92394 110153 92070
3
69142 80029 10439 56836 92344 45459
1
65031 84606
2
50530 11923 17680 2020
5
93985 81708 110219 75929 61375 112337 84143 316594 93683 99774
2
14370 87819 62469 57790
5
98604 39405 67929 49112 74042 61293 22207 97978 89730 1853
5
93949 98043 118654 115144 88174 93820 92487 97006 210334 97234
5
111731 91295 77418 92842 324077 222780 126483 214359 97372 94004
5
97442 127542 92381 92765 98365 214049 211013 110233 91828 222625
1
80467 89863
5
21194 75099 13367 58839 22310 17972 43003 22606 81348 40228
5
133550 91261 113404 89112 117012 93055 96032 92427 94940 311802
5
118376 112158 91028 213425 91455 310632 85760 93794 95030 92038
5
114257 99546 99670 91139 210148 124404 97132 119120 71325 94449
4
99994 39155 98079 85208 7496 62279 67614 28048
5
94269 118696 111497 93858 98922 110618 82396 91051 94600 125427
5
110334 113207 77893 95757 82235 91620 82963 119802 97476 110608
