50
177 135 784
398 118 239
563 446 91
545 811 865
603 411 500
562 67 870
936 290 807
889 332 825
913 672 929
843 177 70
374 357 180
123 954 213
829 840 700
821 443 619
238 721 894
719 330 669
201 649 320
46 677 701
738 44 64
163 231 377
807 184 430
899 754 754
2 483 68
866 786 694
688 319 172
329 140 334
759 78 464
823 598 37
430 716 870
239 249 705
680 712 487
885 605 515
297 645 165
76 55 445
449 668 89
307 878 456
793 594 84
361 500 204
771 764 424
666 433 153
837 650 896
460 365 203
80 939 44
329 361 104
449 109 83
470 705 678
9 363 24
14 428 810
324 455 963
329 380 108
