5000
543 351 664
736 362 455
901 412 340
123 866 907
379 82 48
421 618 900
299 778 941
616 61 627
818 951 391
675 366 919
797 755 906
967 879 444
800 186 203
392 390 369
799 815 829
819 552 682
641 353 210
443 125 932
910 778 370
421 744 387
894 933 303
586 515 230
125 251 407
313 958 12
528 563 637
867 239 110
928 283 357
994 533 943
623 844 560
569 40 64
982 417 288
62 290 963
542 123 787
252 521 735
813 121 810
388 467 522
581 937 356
680 850 30
668 508 211
900 957 803
836 280 817
114 802 848
234 121 581
416 951 406
25 921 469
92 546 126
289 714 744
752 712 227
956 272 876
247 427 6
22 7 713
342 799 329
724 613 432
6 64 705
554 225 331
959 830 328
906 766 668
660 683 847
776 794 895
483 757 876
350 83 870
851 860 169
282 471 213
62 634 389
852 585 466
21 819 549
258 629 154
180 86 855
678 715 890
532 377 742
851 726 44
114 666 601
885 485 803
496 809 971
786 219 819
814 717 657
365 828 507
663 846 479
283 964 459
710 875 407
683 106 190
817 463 414
310 84 130
546 338 599
364 153 555
940 747 307
541 525 323
442 626 203
931 871 745
750 823 671
767 203 771
794 302 731
577 696 528
503 217 219
771 421 633
721 83 781
235 134 384
925 220 491
281 855 63
720 196 588
602 142 543
836 456 34
33 394 38
357 783 906
914 742 913
455 846 377
914 206 308
250 961 351
462 803 849
805 199 798
379 157 574
497 320 336
485 27 21
406 735 868
71 356 376
294 33 850
711 860 71
427 228 442
960 323 766
416 689 977
413 687 217
357 688 439
960 977 833
288 654 592
798 51 526
686 694 628
916 21 459
473 686 457
591 44 583
306 829 473
803 241 330
732 212 277
988 233 521
199 837 355
530 42 206
145 415 889
255 821 242
658 192 270
43 361 997
570 576 169
680 482 645
601 82 893
16 23 180
3 462 242
488 294 138
196 200 325
977 201 916
581 782 693
509 400 795
504 383 21
882 130 233
846 525 844
667 360 646
847 711 677
409 139 875
704 43 193
429 36 147
843 476 471
143 529 784
460 50 208
660 614 290
364 898 167
900 563 598
940 883 686
337 298 829
452 274 519
936 283 330
227 143 498
610 374 992
612 340 465
36 288 106
934 766 554
115 973 169
943 754 465
523 913 470
701 30 310
710 773 322
826 477 923
73 490 143
539 823 887
911 175 825
874 83 178
569 207 307
387 957 581
126 863 246
183 811 407
386 337 580
237 982 803
969 618 232
589 536 968
597 710 793
948 548 450
888 96 219
660 511 645
64 358 944
851 741 975
860 444 701
151 390 655
899 460 859
466 575 687
986 900 508
815 87 312
750 677 429
88 577 677
845 974 718
891 191 404
430 202 709
753 931 371
553 714 975
710 80 506
666 767 341
195 270 439
958 618 663
593 124 234
177 646 539
176 497 645
44 309 176
758 641 802
277 856 638
455 327 665
950 461 557
535 400 570
152 108 683
510 178 194
607 349 831
302 254 784
119 79 574
733 481 329
813 541 699
868 214 491
877 272 752
887 830 171
938 371 96
986 102 501
333 261 949
76 489 228
609 369 436
27 309 285
868 981 569
631 862 741
636 497 853
592 796 113
558 11 538
132 991 365
122 261 783
174 688 156
448 945 200
464 946 491
534 695 593
260 865 277
102 253 558
224 792 991
971 458 537
653 703 551
420 716 59
403 411 355
11 461 46
118 837 409
352 170 592
542 140 616
959 247 75
557 589 32
18 460 891
733 704 195
62 373 457
828 348 203
561 740 586
757 598 102
931 833 615
779 135 987
889 381 677
956 993 359
876 942 999
429 982 973
492 405 5
429 926 154
778 395 266
864 183 708
672 421 627
370 655 798
651 941 282
47 716 70
562 458 834
830 893 528
559 249 875
305 898 199
934 300 667
83 506 272
967 563 87
509 578 838
91 576 171
708 317 800
595 934 692
542 137 721
262 566 510
92 719 932
312 145 835
144 837 342
768 30 402
527 75 364
166 497 893
596 79 915
301 192 65
201 604 811
352 890 671
534 168 48
631 642 577
361 738 637
826 245 73
533 168 951
346 806 552
685 274 271
249 178 475
643 274 12
167 471 554
88 528 312
976 265 496
571 996 863
289 643 732
3 374 504
342 514 81
256 78 395
56 745 894
984 979 779
181 722 860
570 341 707
501 513 194
268 591 900
669 522 953
715 83 139
902 171 422
140 492 933
12 826 539
559 410 954
949 747 623
659 813 530
347 85 210
143 124 880
383 615 364
931 259 645
885 333 542
54 857 223
106 766 22
938 213 200
725 379 520
397 641 807
829 123 616
289 729 306
779 422 83
583 528 427
960 518 208
887 254 815
817 101 117
709 792 478
150 658 912
992 396 98
327 232 622
568 719 830
843 612 81
107 954 897
517 361 21
746 340 648
149 641 96
978 212 904
177 466 159
27 496 341
912 686 719
616 162 307
373 495 936
895 505 285
48 327 462
967 998 804
978 479 947
480 709 809
758 389 590
116 373 9
869 296 918
97 225 304
223 535 146
670 792 685
435 312 201
112 858 684
658 918 990
567 819 767
645 306 528
458 318 552
540 236 977
97 216 789
773 373 17
622 569 888
821 284 517
926 54 997
817 129 173
733 867 375
330 315 125
472 244 393
809 221 269
101 322 452
696 559 752
589 922 393
280 364 473
624 844 798
50 8 827
705 680 911
23 511 337
13 507 956
80 461 202
403 941 634
887 456 45
469 987 273
195 72 617
269 497 325
172 317 893
65 8 677
877 605 7
728 814 76
430 687 984
316 865 985
665 999 959
21 334 115
717 571 937
95 746 371
113 182 557
853 113 119
396 365 505
787 852 392
971 293 3
635 786 685
57 547 108
233 387 113
225 746 9
791 384 599
574 61 511
555 933 269
493 498 863
969 888 610
462 420 863
260 598 547
874 706 917
974 535 523
253 831 585
639 154 627
17 801 620
600 164 393
149 594 212
782 303 409
647 646 195
10 667 688
874 121 58
780 779 663
705 219 32
237 774 480
336 607 594
800 693 464
109 655 761
423 284 760
304 613 121
588 387 745
119 337 154
664 279 913
905 247 72
889 532 938
429 658 238
641 618 601
171 23 951
234 949 30
458 955 823
777 942 395
367 342 272
98 270 336
753 406 88
595 65 108
530 634 849
679 393 173
300 192 575
19 135 438
599 447 991
534 600 715
697 434 107
520 197 798
778 846 89
565 133 198
777 907 833
32 809 823
553 723 890
370 286 674
586 129 423
669 944 203
425 774 72
153 570 110
962 268 104
511 586 44
358 166 307
130 561 893
317 780 785
586 751 245
106 243 821
892 623 922
955 874 429
98 380 26
227 992 784
248 238 420
536 532 309
275 241 775
467 856 875
48 979 958
770 339 452
918 667 36
98 928 486
836 752 59
786 631 298
556 680 288
296 355 674
776 8 261
954 732 284
42 888 939
568 908 831
402 934 295
810 742 82
378 761 956
477 624 591
519 136 350
875 678 812
766 576 309
528 237 906
149 522 942
511 44 568
7 373 434
513 574 561
717 426 81
959 343 490
653 24 473
984 766 66
588 745 494
76 40 660
814 416 321
106 759 477
113 928 42
90 728 7
156 977 109
399 994 148
83 278 711
321 663 442
962 451 636
473 156 460
962 676 605
661 364 260
943 175 922
24 777 366
288 949 713
990 944 533
217 18 988
289 702 130
266 678 960
834 605 860
858 751 989
917 361 314
984 372 259
218 323 881
74 68 329
661 151 589
380 738 437
526 430 996
240 866 783
297 836 713
233 695 139
547 347 318
667 19 558
445 437 312
790 917 249
501 569 545
304 902 704
794 928 634
22 635 479
841 449 203
455 228 225
284 946 210
441 173 363
345 211 414
706 326 271
546 423 217
28 487 466
959 742 700
939 408 309
285 174 715
584 166 850
669 956 127
717 245 246
12 306 809
789 578 475
501 849 480
244 610 443
548 238 195
82 56 450
269 290 964
606 30 482
263 146 956
220 317 726
117 609 939
62 583 228
908 57 832
17 827 512
229 850 79
794 221 457
483 179 855
671 603 674
848 812 345
679 384 113
818 121 855
763 330 802
48 157 95
769 504 331
258 671 317
372 444 699
374 597 674
747 106 401
753 354 861
76 973 207
957 474 338
830 759 403
284 610 144
982 787 515
618 20 438
861 355 216
65 493 842
621 182 778
475 958 357
323 308 982
818 888 192
477 135 707
50 529 982
250 698 784
596 727 925
648 625 132
820 321 656
722 82 910
171 645 430
617 925 816
247 563 552
969 963 299
593 537 407
652 151 167
335 386 671
513 748 733
596 460 564
93 574 160
318 205 462
185 679 140
122 367 604
509 135 342
383 389 143
112 334 849
546 163 540
81 179 301
819 27 706
877 549 725
698 38 561
306 344 550
533 531 110
52 562 706
594 370 852
597 17 694
663 10 759
6 856 408
136 212 236
110 982 62
33 707 901
449 251 736
674 310 704
476 282 394
337 900 307
271 460 130
419 395 656
671 40 999
585 241 33
388 744 43
290 887 251
881 30 192
938 600 505
459 563 837
361 805 486
260 656 590
681 738 868
220 868 819
740 60 75
504 56 457
356 111 499
789 969 174
113 980 821
708 936 968
275 198 88
789 911 857
927 477 173
266 352 669
351 349 142
725 871 599
150 469 352
771 361 710
728 750 789
717 71 249
631 117 899
591 89 261
381 159 20
528 709 114
151 531 424
924 733 278
11 864 760
286 726 54
636 2 688
339 609 49
16 686 342
165 220 289
398 250 183
924 380 41
712 107 89
357 306 334
916 967 779
313 807 83
342 835 629
56 171 970
667 468 721
606 885 185
88 788 123
802 349 747
212 825 14
254 137 237
987 608 740
770 910 239
559 177 45
198 813 285
422 270 835
394 251 217
405 141 292
34 621 861
241 745 845
801 595 860
317 741 161
684 887 372
498 871 523
326 416 667
692 585 929
778 975 701
830 629 944
352 481 831
789 296 559
315 424 164
837 6 748
589 37 765
217 912 4
878 109 70
660 775 210
445 968 943
576 467 338
628 114 920
438 854 704
40 552 820
725 51 308
362 906 554
114 18 242
665 111 107
228 439 279
464 524 239
240 101 270
746 503 778
914 694 936
62 899 517
652 65 441
188 854 827
575 996 783
607 312 269
546 152 836
321 153 593
32 634 246
16 175 639
807 791 788
351 758 829
967 772 228
433 421 557
21 485 754
539 160 578
126 459 489
808 8 967
56 632 71
957 178 598
372 182 563
702 457 954
933 941 727
761 3 228
747 106 491
121 818 922
492 996 793
40 599 326
462 139 320
262 306 152
850 508 770
248 98 526
977 753 946
280 939 641
731 89 72
407 227 566
858 458 11
537 285 873
39 391 809
642 201 227
161 346 595
650 515 122
621 867 514
156 906 760
287 391 417
226 680 34
108 77 270
108 671 559
254 223 66
761 362 659
746 32 836
801 808 740
920 963 659
914 18 436
955 395 325
91 95 127
139 444 395
943 978 327
992 106 703
286 380 686
325 84 963
418 52 965
729 58 387
916 66 210
510 275 475
301 59 971
691 505 116
90 299 373
208 268 706
78 243 819
799 885 877
684 194 527
99 487 238
949 520 208
770 603 118
707 510 94
140 906 900
302 776 23
314 217 762
893 684 905
913 790 127
169 271 391
37 871 139
342 530 96
488 349 293
538 655 152
295 819 39
923 757 885
898 717 821
398 940 40
106 236 328
552 337 123
1 406 865
133 828 48
932 550 154
169 381 630
152 988 997
965 721 432
732 75 880
972 128 23
643 44 328
757 860 119
478 325 311
150 498 204
223 838 981
205 213 142
279 45 149
682 521 212
472 32 698
666 841 91
370 193 562
85 288 71
303 688 252
878 306 169
667 646 613
12 42 568
534 190 400
166 152 466
859 930 251
101 924 687
99 829 971
25 402 162
478 35 758
276 977 820
165 641 250
515 132 154
525 714 29
112 96 169
319 996 63
64 147 937
845 959 44
336 270 779
991 851 956
901 202 404
344 522 218
568 248 742
230 707 496
116 772 567
306 250 912
973 685 93
782 928 263
987 633 458
776 493 443
428 272 36
552 128 358
247 992 218
150 141 374
832 936 216
990 973 363
697 617 884
988 323 668
911 868 793
874 473 830
80 954 580
49 142 719
901 598 579
481 239 875
765 428 379
301 744 352
515 20 454
408 114 294
64 999 929
200 331 165
436 750 168
882 269 299
449 902 389
415 126 546
77 422 257
364 411 193
5 352 633
893 525 299
815 698 889
703 158 339
164 638 642
303 553 187
292 605 571
268 61 144
475 264 944
977 693 584
867 29 338
917 127 188
141 502 157
472 428 401
59 13 888
777 413 253
582 161 866
251 554 402
867 179 522
842 100 439
41 385 845
159 74 678
459 75 293
637 282 230
449 127 255
942 357 294
304 954 28
784 238 494
373 900 70
500 534 192
392 166 168
766 505 818
540 800 159
823 760 376
658 251 7
656 665 288
122 94 433
802 57 869
440 250 249
754 198 614
790 23 895
735 170 890
410 349 283
53 195 675
703 906 908
162 324 391
702 970 902
524 383 796
337 505 656
839 684 937
207 172 334
891 294 187
207 475 335
73 694 209
268 985 605
854 473 382
464 47 2
742 766 573
86 206 494
354 858 78
673 300 179
321 942 274
79 361 119
185 881 73
558 797 876
724 495 886
939 544 920
938 517 166
70 532 291
125 727 671
606 633 904
838 797 767
833 620 837
212 183 598
527 650 893
344 897 672
711 709 965
860 272 678
763 20 580
144 154 588
108 519 739
286 56 542
166 409 747
984 852 50
179 335 681
340 691 676
899 32 264
881 595 521
91 219 9
306 96 759
704 720 692
929 58 52
439 171 826
327 992 432
51 298 480
174 813 566
706 464 393
455 309 744
985 810 537
729 747 91
274 643 42
236 65 246
288 592 146
414 39 78
917 245 643
79 694 284
403 497 867
453 371 70
680 744 356
336 576 65
830 133 488
662 183 122
854 669 22
229 250 75
69 172 848
171 809 690
959 846 58
273 42 716
344 304 317
18 570 180
773 361 665
204 578 335
493 232 944
688 144 247
633 991 739
598 970 108
721 322 880
689 851 464
642 12 337
773 515 107
797 30 955
148 76 681
788 974 531
522 144 802
731 533 822
91 931 77
214 321 204
420 758 744
916 792 569
62 958 610
54 487 477
292 151 972
93 489 12
768 995 316
796 303 430
181 634 374
613 944 9
786 35 607
553 565 506
490 117 873
612 721 419
72 816 286
646 445 203
796 380 719
237 377 720
382 986 444
924 637 540
585 94 223
621 108 587
390 555 171
321 435 356
713 760 330
485 521 663
192 887 162
65 359 575
219 205 355
907 187 203
394 604 603
915 508 308
418 904 732
313 880 571
649 845 836
490 700 656
176 819 764
212 475 769
417 907 133
301 491 814
855 400 708
21 872 151
619 255 678
36 23 607
16 167 120
980 47 814
935 632 857
930 785 524
180 909 408
508 136 423
473 816 148
866 875 79
121 831 142
503 448 234
849 663 269
170 169 617
694 840 930
998 65 240
182 56 791
398 480 672
250 963 750
863 979 782
796 476 842
285 636 855
190 523 981
875 391 75
997 490 82
65 262 164
964 567 165
148 908 541
918 638 904
334 767 743
994 278 896
519 581 927
507 434 28
434 316 328
316 615 692
774 371 239
398 530 932
367 552 769
271 21 322
98 587 101
940 369 418
266 275 691
503 513 17
558 441 951
978 470 900
604 968 264
812 644 721
142 47 641
884 28 652
806 9 891
258 104 368
662 151 998
207 504 692
857 816 140
917 94 200
760 969 990
758 895 549
987 211 507
17 404 409
881 310 266
525 848 199
975 273 880
404 532 836
33 541 115
897 847 506
259 90 33
379 195 628
250 706 220
892 112 768
504 920 832
444 321 920
958 884 346
455 66 359
703 912 806
810 999 977
485 957 811
132 229 201
586 692 751
231 206 516
747 440 147
802 120 221
516 997 931
621 818 872
700 632 771
222 954 985
289 69 81
926 411 951
606 361 721
323 397 700
136 68 67
73 632 226
340 320 900
654 852 865
816 42 963
568 891 114
201 467 930
231 92 169
533 265 446
503 128 677
599 801 830
997 999 883
839 559 377
614 166 163
259 694 4
760 844 733
283 726 762
252 52 666
183 360 648
191 5 683
100 766 64
23 871 710
522 498 92
928 129 864
295 123 921
181 603 883
710 631 257
276 55 694
631 901 425
131 315 203
163 223 460
366 704 557
391 15 884
418 820 868
847 844 73
321 470 255
664 337 579
419 66 167
2 629 494
86 283 523
265 167 437
724 744 759
300 350 533
684 846 344
308 928 96
531 138 170
212 861 473
324 978 632
106 346 239
924 258 270
318 431 622
522 96 940
210 669 671
444 407 299
931 417 844
200 590 546
4 895 516
45 316 211
611 759 92
711 455 873
960 675 680
451 537 265
345 969 966
88 97 223
302 961 559
894 412 421
393 69 899
673 724 71
794 923 424
165 38 216
865 721 209
713 412 237
90 483 850
190 431 151
479 239 632
98 325 984
161 133 357
512 174 87
58 552 319
391 657 769
49 230 220
485 536 298
913 363 162
652 167 993
962 997 108
578 987 269
219 910 353
293 908 448
997 457 400
677 845 975
382 164 202
612 321 247
128 790 186
673 769 271
880 812 743
74 775 270
511 650 490
572 239 518
647 698 307
109 683 971
918 683 599
112 595 119
597 939 675
761 570 831
226 911 497
939 899 151
302 551 9
497 655 150
176 390 175
821 407 230
357 944 207
448 797 473
84 641 387
496 722 512
280 986 250
404 84 603
828 897 770
679 864 301
126 28 556
867 456 160
169 15 486
790 672 495
532 584 228
535 755 612
541 487 973
386 862 30
687 19 448
499 303 146
378 165 278
522 793 737
806 202 996
217 716 701
66 486 874
443 841 923
498 624 758
69 842 342
880 441 789
115 440 302
163 926 46
504 632 148
580 521 861
274 997 571
91 990 849
386 768 261
878 203 377
633 577 816
553 101 413
550 864 578
3 720 161
448 611 111
244 888 542
819 351 988
695 30 876
481 864 276
943 150 938
158 654 965
251 435 876
268 268 452
890 192 979
188 134 946
594 302 166
257 20 926
518 865 444
262 143 215
713 388 284
324 753 38
742 140 431
924 313 169
708 832 793
138 979 155
200 847 115
218 253 902
446 971 337
377 278 968
198 17 940
400 908 468
732 471 544
558 532 373
172 858 64
202 578 627
774 590 265
40 109 392
629 530 512
102 297 263
274 81 225
901 346 665
693 483 437
805 378 322
825 423 458
698 303 817
825 547 434
71 372 346
514 305 971
773 288 897
501 187 645
815 704 105
854 740 333
810 652 542
634 1 585
666 331 320
278 612 798
512 395 517
683 259 325
462 998 808
816 898 214
681 509 311
691 589 617
462 720 652
209 681 224
474 718 94
590 861 381
220 711 253
893 941 26
512 724 375
274 340 572
154 421 961
11 928 185
248 58 314
516 109 868
74 864 482
287 610 271
518 229 591
465 629 365
820 438 858
314 418 556
599 339 359
983 957 377
709 523 585
475 354 733
870 129 86
441 85 877
477 381 330
282 596 61
718 946 65
377 800 398
657 997 574
236 802 575
548 22 731
720 130 541
698 333 591
648 118 400
555 792 327
836 868 827
925 424 868
296 403 38
12 423 439
753 506 233
750 819 722
555 876 227
423 398 552
962 711 257
220 189 313
571 65 428
34 518 176
369 677 661
951 797 224
533 733 112
480 238 657
969 856 789
667 893 920
922 681 310
124 995 61
826 49 721
498 505 469
607 661 569
448 854 207
896 452 701
246 66 718
94 746 388
323 427 230
4 853 223
177 286 814
529 701 210
3 542 179
242 418 813
582 270 596
350 378 924
370 561 285
223 905 140
918 475 595
771 458 689
353 367 397
24 989 131
377 419 169
979 682 968
812 892 286
691 745 121
423 174 548
739 387 123
846 117 699
587 715 922
158 487 270
520 199 945
416 563 954
496 727 509
9 557 367
742 535 890
117 260 790
456 43 260
86 514 988
154 912 513
58 198 798
743 237 734
945 912 664
710 362 764
172 392 332
772 303 789
257 703 558
786 42 876
247 184 515
329 171 397
508 177 776
381 88 576
916 247 918
329 616 111
388 214 617
499 725 720
871 669 257
795 849 61
506 233 884
465 562 382
508 575 168
579 731 514
559 267 751
527 955 119
546 998 596
911 235 622
135 299 518
994 869 799
754 317 6
690 774 133
890 379 539
434 418 305
875 627 849
274 826 664
842 141 582
271 966 37
560 886 985
286 202 230
81 53 321
299 334 817
189 492 478
39 273 652
130 784 840
860 128 185
482 816 954
871 340 645
587 541 54
770 926 143
832 400 326
159 823 473
841 174 879
830 307 960
860 689 601
379 947 182
483 449 611
998 767 989
652 756 66
67 319 956
412 394 85
822 501 919
154 427 859
218 868 575
165 608 920
657 683 494
879 284 927
787 373 907
409 983 278
135 576 114
118 791 233
393 936 157
124 139 842
345 40 875
743 326 427
702 574 301
946 438 571
401 854 192
325 201 509
446 818 693
403 144 830
566 310 509
105 551 407
384 709 665
134 292 272
433 480 362
354 978 264
525 209 778
188 980 177
151 795 741
989 492 697
55 806 321
480 900 1
438 31 420
983 189 959
890 982 142
581 688 183
734 633 693
215 456 871
511 877 26
781 952 976
494 481 389
949 456 45
284 606 311
369 330 405
806 259 67
785 548 122
645 112 297
767 539 565
612 593 322
812 149 769
97 606 641
621 309 879
16 672 96
549 695 96
56 584 507
221 928 30
639 166 144
363 391 471
141 211 415
920 295 277
238 774 11
16 253 217
440 789 412
900 497 288
3 363 559
465 66 510
49 648 132
493 346 133
62 983 941
584 83 112
602 300 607
641 399 744
438 794 675
343 930 297
561 293 265
789 64 496
875 149 228
76 382 4
43 523 821
86 522 88
231 910 490
534 433 284
726 548 565
591 80 118
153 890 77
706 176 77
828 227 771
971 330 449
124 335 439
566 481 809
27 704 774
367 671 315
281 185 847
751 28 599
388 556 670
933 650 630
619 72 574
292 115 556
418 705 803
235 494 257
656 345 397
722 843 538
561 758 70
926 498 713
410 525 719
254 123 188
635 17 866
130 248 693
308 108 308
233 484 432
254 777 861
335 831 466
889 840 247
80 385 293
395 502 587
615 597 131
709 287 343
86 449 796
968 303 790
838 268 819
809 643 966
728 644 138
615 196 774
616 101 228
854 724 760
100 3 961
285 308 48
585 120 425
758 257 484
964 473 673
305 397 938
294 52 549
257 205 190
138 458 718
31 206 481
475 145 638
723 53 950
817 535 392
501 785 779
562 987 15
787 721 220
128 427 78
683 756 833
660 648 759
33 222 335
66 412 94
817 878 587
450 320 646
314 649 447
488 895 207
620 458 184
80 575 109
815 469 748
479 390 718
557 407 24
920 97 799
699 70 204
707 343 956
739 660 351
877 752 432
428 651 729
407 265 658
599 506 383
107 208 372
817 732 353
355 837 636
438 589 654
414 422 628
327 761 398
90 541 302
717 914 121
116 435 397
460 516 372
326 298 646
641 57 631
153 559 743
434 84 305
451 52 253
206 619 770
156 430 871
1 806 619
419 348 810
960 62 837
754 334 799
964 218 657
71 260 656
676 376 863
486 45 12
812 972 366
897 734 83
171 575 7
739 790 115
315 20 482
508 817 291
323 942 587
674 223 607
340 957 460
333 592 101
807 267 368
46 829 760
673 274 712
314 854 1
152 128 878
483 676 130
631 340 274
534 297 693
779 909 780
256 828 694
876 108 805
881 197 176
288 109 593
392 597 551
369 851 388
734 237 620
579 303 846
417 442 29
720 836 715
624 532 153
24 680 410
605 476 737
482 875 921
76 682 867
52 196 580
34 830 64
475 761 941
936 23 763
826 21 272
561 347 690
542 182 256
862 82 444
440 69 22
60 323 78
486 163 824
33 686 771
402 785 31
574 370 805
591 521 849
26 534 29
730 699 105
870 257 847
609 91 842
220 638 891
539 476 880
151 762 685
760 475 645
431 580 772
749 317 604
790 465 628
81 176 658
804 918 811
858 983 129
548 943 513
35 860 57
128 545 921
642 835 685
408 418 329
337 870 274
27 642 384
203 725 989
519 98 103
134 325 106
437 479 696
535 177 413
997 317 902
312 468 332
549 38 885
364 344 582
624 836 710
786 383 49
62 681 130
990 676 955
315 38 180
555 55 69
955 835 878
230 175 800
259 470 88
93 544 984
118 803 712
725 281 715
319 91 937
281 119 263
443 563 615
107 541 524
367 822 714
769 111 442
856 458 636
533 18 676
743 274 636
649 782 158
670 524 421
809 606 42
721 609 585
56 445 734
188 323 848
333 601 249
852 267 464
643 481 391
752 556 216
76 817 714
992 646 669
944 134 130
543 454 428
535 366 619
526 68 354
344 111 867
829 782 400
535 430 880
678 267 519
264 905 207
772 373 510
238 514 586
841 403 664
811 521 394
823 832 254
58 284 600
486 622 204
959 445 138
741 439 570
714 317 827
144 531 714
692 836 350
997 654 599
126 91 326
153 766 416
790 323 513
817 202 141
40 325 825
533 132 925
317 894 481
489 152 22
509 77 571
966 598 775
61 578 339
590 942 51
537 958 218
617 909 811
763 296 221
763 458 880
986 576 280
564 623 665
284 407 347
677 297 824
616 518 257
83 659 305
808 908 283
202 778 569
602 104 556
794 451 714
801 543 703
601 611 892
801 548 209
792 697 631
172 957 498
980 664 224
234 916 628
700 683 260
541 334 669
683 455 923
65 457 741
909 734 883
604 205 354
105 378 419
641 864 224
788 966 446
280 119 409
475 824 223
651 150 111
409 217 338
508 45 675
842 624 446
797 36 603
3 502 745
706 734 293
289 186 136
851 516 159
768 813 471
191 268 842
328 167 943
534 438 442
674 145 295
322 637 67
989 132 532
422 784 389
471 468 281
710 686 996
196 761 245
967 702 19
738 251 272
648 343 179
633 956 162
263 954 412
294 649 441
192 249 880
271 607 287
151 139 678
682 214 717
981 459 20
700 120 549
797 576 926
375 598 994
665 736 828
409 393 584
175 53 687
260 752 415
704 926 534
853 290 25
429 65 849
771 533 31
912 847 415
700 332 318
904 550 721
438 43 187
983 793 994
912 111 497
319 56 446
36 984 411
968 164 336
780 444 574
883 838 464
466 258 252
506 766 206
502 316 164
86 971 67
506 760 832
718 648 436
709 590 564
584 126 597
57 388 2
452 861 573
753 726 727
460 424 26
867 388 404
477 808 655
812 820 372
442 593 706
389 241 94
709 419 459
31 853 962
954 344 537
882 582 499
80 805 620
585 399 687
250 805 415
130 743 374
828 995 284
853 220 961
196 38 677
755 931 144
537 787 517
183 513 738
837 237 38
615 473 214
523 412 10
512 579 994
167 851 713
880 866 24
128 372 974
16 532 788
392 37 33
481 288 855
294 879 702
277 918 771
761 457 347
377 911 512
176 279 835
989 685 544
65 25 158
577 532 192
402 35 719
779 796 344
427 285 649
246 216 144
429 741 33
139 100 623
296 368 575
659 525 564
773 192 303
922 229 775
687 390 576
905 539 502
110 406 364
881 736 341
445 829 406
948 53 588
738 864 962
541 222 858
374 624 524
972 869 246
934 19 856
404 141 21
630 766 867
413 63 761
54 316 103
974 123 540
17 861 257
865 720 107
110 330 265
845 876 616
15 70 381
926 521 528
582 62 537
437 644 413
436 54 709
826 815 558
249 549 839
916 924 649
880 485 185
192 344 644
210 111 399
213 866 963
314 322 313
872 397 665
217 609 13
499 803 581
39 950 364
535 793 662
795 905 998
735 530 367
922 113 92
920 688 490
726 193 111
721 251 38
183 202 58
440 962 977
207 93 902
486 180 741
746 101 334
653 208 141
742 20 821
612 981 280
101 454 394
66 30 909
587 562 491
603 726 901
972 179 800
400 449 903
244 419 285
399 427 452
231 327 727
954 834 989
919 968 259
436 870 777
306 542 774
482 68 557
679 264 987
656 535 282
245 33 380
195 513 287
602 758 298
488 98 222
115 271 906
87 622 213
621 88 570
61 995 27
964 682 642
462 956 889
83 717 79
441 947 82
541 407 507
314 601 586
491 515 780
255 773 820
606 189 217
257 942 94
168 809 256
132 352 916
104 196 76
764 872 675
395 449 392
470 570 668
491 653 796
269 574 322
818 58 698
951 270 381
800 804 746
626 324 781
685 635 172
395 470 430
53 451 572
73 210 819
245 334 712
104 566 860
925 471 330
413 583 561
576 715 318
838 64 877
262 160 687
961 642 519
217 759 407
91 207 501
499 441 602
239 940 599
227 600 417
402 924 577
28 673 33
62 229 121
894 285 80
82 620 607
523 18 773
635 198 82
796 225 931
618 520 276
516 438 586
82 614 658
730 174 16
163 692 866
357 317 746
229 908 807
746 171 204
367 913 931
275 104 832
93 361 606
865 72 546
757 727 804
526 416 738
743 537 232
170 652 415
474 667 839
702 798 278
4 41 53
735 608 75
797 83 437
504 302 571
151 297 673
448 368 974
332 553 32
2 6 931
854 932 273
910 714 843
556 992 626
489 11 773
380 870 359
375 38 449
82 397 746
911 5 69
415 54 808
617 131 12
537 422 783
93 595 669
680 92 96
374 204 459
736 127 351
530 792 59
429 809 128
15 918 30
412 882 292
734 368 274
608 120 519
518 616 669
613 317 260
562 856 8
923 704 387
785 828 458
982 132 662
398 428 694
882 640 64
25 483 278
324 647 691
297 268 8
229 41 556
56 337 985
938 151 413
444 446 997
727 170 59
351 659 766
823 816 10
884 661 14
455 465 244
825 376 925
960 353 333
731 161 132
112 479 502
349 379 254
143 832 304
239 801 257
330 180 697
465 71 889
266 220 389
803 984 652
938 903 208
22 271 713
439 925 564
436 622 89
34 296 107
999 569 539
307 341 137
278 442 590
551 462 918
532 418 122
798 230 202
827 549 728
685 984 890
333 745 609
183 491 340
523 393 491
450 888 789
908 437 159
75 739 496
610 723 43
966 905 150
738 295 54
493 928 752
692 982 508
572 831 420
155 603 582
386 693 291
360 919 637
177 530 750
117 128 858
364 799 407
847 650 654
402 594 113
597 589 600
244 202 24
880 566 957
477 371 2
785 159 234
540 588 829
291 736 476
932 333 692
959 582 687
792 655 596
226 144 234
576 521 140
477 556 918
961 757 606
292 381 827
125 603 693
105 218 828
365 479 495
879 70 173
560 12 712
925 71 115
748 240 849
241 374 483
128 621 809
891 418 203
192 539 398
788 332 164
965 483 581
619 246 791
715 8 629
119 432 310
114 609 762
380 655 920
801 942 563
878 835 326
858 490 327
464 575 471
221 908 50
16 326 991
421 200 312
820 724 303
463 515 852
658 602 598
756 451 470
623 55 145
191 969 263
934 588 796
957 801 539
461 683 167
834 420 295
59 275 272
665 667 206
491 988 178
795 39 776
548 4 791
958 378 715
983 951 362
321 970 22
964 528 705
765 335 57
47 438 757
291 854 165
123 461 80
420 282 949
571 481 709
40 299 359
568 113 924
65 841 396
734 100 860
486 762 343
167 543 574
458 318 109
810 160 884
849 796 46
80 171 172
197 144 66
236 723 51
271 268 321
90 942 429
825 507 652
245 648 547
713 264 866
429 581 833
347 506 936
226 71 867
657 667 691
685 43 958
238 870 740
902 280 159
966 622 561
703 478 854
994 923 320
409 967 460
204 802 232
632 367 94
340 264 436
725 689 78
344 22 546
767 946 116
957 498 413
778 847 894
308 445 949
192 222 236
855 17 572
23 859 275
103 464 169
641 211 957
523 106 637
712 965 22
832 861 552
916 272 212
429 832 319
377 686 216
396 46 873
366 441 349
58 759 13
792 145 659
515 323 312
826 247 579
972 885 166
335 926 184
878 489 690
948 562 978
544 256 181
397 576 730
253 703 422
626 730 190
897 693 455
249 379 296
851 559 330
502 239 457
78 264 558
418 925 161
816 123 157
281 809 432
682 293 843
505 231 875
213 279 275
750 484 448
664 31 753
487 3 605
854 863 370
82 320 72
892 314 247
242 279 687
494 648 867
580 426 358
960 79 556
885 166 336
433 673 697
346 33 883
759 317 444
349 194 439
276 613 685
395 710 357
444 975 148
252 733 979
409 409 833
974 641 605
246 470 459
624 405 892
542 900 156
849 829 116
576 569 134
349 493 478
717 339 913
467 156 572
477 203 965
451 899 113
264 979 266
338 133 689
961 184 26
511 269 565
895 444 895
987 921 459
912 931 508
913 354 149
676 246 465
168 674 430
254 743 40
802 553 558
252 99 196
18 575 468
277 866 903
560 845 674
172 158 338
77 225 426
344 492 950
288 192 385
933 352 982
387 702 707
927 683 207
929 402 144
654 414 745
588 935 183
534 335 701
778 424 955
399 866 715
136 46 759
171 324 923
749 646 703
272 119 49
428 818 204
578 295 269
352 167 540
489 458 220
973 719 203
922 795 503
79 950 504
503 434 16
88 326 244
258 392 915
629 380 398
166 211 928
510 716 659
667 613 752
564 706 213
724 521 605
584 301 907
770 315 242
472 929 246
329 824 113
490 629 468
348 63 944
275 610 345
2 29 393
398 230 223
441 359 405
906 260 715
883 50 901
27 454 78
285 239 393
256 41 68
372 148 577
664 924 990
515 522 63
44 887 987
981 156 892
620 476 645
510 237 996
256 656 359
287 346 802
971 114 750
893 583 573
397 741 73
271 47 582
550 72 268
920 892 285
958 24 592
27 86 190
560 181 528
901 81 319
519 905 664
45 348 552
710 719 367
210 481 670
191 84 108
725 453 291
829 893 861
584 578 686
279 607 85
311 231 50
617 407 816
942 106 685
968 66 564
154 542 708
272 932 934
969 554 116
803 192 654
166 70 30
726 473 256
44 371 973
758 751 344
932 998 177
746 728 446
77 123 433
205 655 917
771 94 234
301 351 368
290 708 579
817 16 887
665 499 234
855 418 525
339 714 133
516 705 856
209 290 368
363 540 753
893 110 829
792 216 86
66 549 311
261 830 74
367 314 455
436 925 980
243 904 721
634 305 999
728 439 876
277 806 864
619 346 522
896 322 245
355 415 547
988 795 549
820 321 935
292 451 866
795 334 341
31 746 482
265 482 507
33 622 409
675 142 798
122 828 724
48 729 774
554 92 392
816 874 810
377 842 364
884 290 597
21 128 324
590 966 556
256 381 165
842 323 503
311 831 539
881 883 704
816 345 344
782 319 352
355 732 961
520 761 836
341 129 280
605 587 335
865 741 921
324 535 946
757 412 309
138 560 652
83 954 216
534 721 120
837 399 61
6 54 59
868 738 657
527 428 732
71 795 406
9 385 916
339 975 711
488 802 353
282 90 415
43 301 20
396 790 714
127 111 512
525 458 401
773 498 187
805 242 401
490 689 66
53 614 886
323 214 753
507 549 853
940 532 758
459 167 506
340 375 202
835 726 497
185 367 672
865 743 278
455 140 95
494 289 441
719 788 984
867 227 188
653 232 576
308 584 776
99 697 425
920 635 813
207 277 8
370 232 479
939 181 500
949 841 988
670 695 422
998 510 440
31 455 948
736 529 223
766 546 208
517 46 537
667 522 950
829 996 8
485 52 960
259 473 823
667 352 303
612 436 438
769 837 489
102 192 299
667 404 757
864 720 995
898 828 691
139 389 759
565 59 718
732 818 905
806 10 215
798 780 673
837 28 356
414 488 864
813 485 134
364 515 983
869 163 417
391 109 172
722 706 292
550 421 899
57 130 904
315 955 635
365 924 675
611 268 719
669 288 827
433 360 575
923 39 608
303 599 580
871 468 27
771 722 572
92 719 221
716 30 425
387 757 199
809 320 906
235 579 244
77 915 986
372 495 751
20 192 837
64 507 725
875 459 748
14 438 158
525 347 778
198 238 910
859 400 365
400 64 393
476 782 993
114 16 789
875 772 371
248 416 861
477 43 842
474 546 202
385 150 801
398 525 45
319 56 405
858 483 557
553 653 959
551 72 454
663 222 550
41 481 35
254 415 676
655 258 790
56 445 324
456 354 653
863 343 530
716 121 562
882 245 620
194 472 428
701 905 251
464 115 403
502 957 196
783 158 809
185 351 763
595 574 855
688 512 992
946 746 988
156 132 873
74 278 738
107 44 278
23 50 654
626 649 594
477 519 856
442 144 501
411 565 899
533 847 260
124 522 716
85 882 220
667 82 101
269 681 339
103 787 33
770 926 680
589 164 712
145 959 495
734 624 520
413 592 933
304 422 233
517 64 803
708 439 138
247 411 645
983 820 848
996 846 221
509 937 120
166 584 51
374 101 49
278 399 17
409 82 986
871 980 213
462 81 176
736 508 353
704 737 621
125 518 92
377 25 756
132 420 692
54 98 558
913 543 859
529 706 399
503 637 926
155 855 66
658 608 63
551 883 923
370 154 170
400 129 375
213 552 830
916 229 80
48 644 454
754 667 995
284 148 221
123 765 357
184 632 77
138 206 654
156 61 439
303 484 434
897 92 81
221 277 996
440 701 331
610 184 946
19 608 143
341 743 224
911 603 86
568 553 919
506 238 595
944 210 156
130 824 629
288 751 165
548 882 177
661 16 531
652 600 952
602 548 778
756 945 892
850 129 462
554 461 387
970 473 394
886 887 18
825 601 950
560 352 701
838 693 95
677 573 988
894 293 701
397 200 362
494 180 805
638 53 632
388 678 522
3 869 343
957 968 607
931 591 707
688 268 88
811 95 59
785 909 942
383 412 378
153 133 49
256 704 32
192 579 295
216 454 756
517 525 643
234 385 851
147 938 505
776 644 502
497 616 119
955 884 147
506 687 6
3 258 836
822 286 96
15 890 755
574 185 82
101 24 977
987 443 331
404 858 108
791 115 190
866 558 18
590 64 706
318 799 471
624 813 421
886 297 250
115 728 556
453 938 510
729 353 623
961 246 641
52 991 351
979 495 408
892 458 36
938 357 15
793 488 256
66 121 327
139 267 846
55 918 655
232 644 877
37 429 455
847 253 63
373 691 831
635 439 390
630 259 892
170 569 485
997 424 670
285 90 206
600 672 404
757 361 95
116 35 38
874 785 125
137 229 361
226 190 772
692 323 3
999 557 398
77 524 696
772 968 522
214 787 383
998 650 965
602 859 662
547 380 533
394 819 678
47 155 168
382 666 343
104 983 240
126 264 515
939 744 996
269 652 973
635 82 699
348 807 749
901 576 472
530 411 805
719 79 472
358 28 81
797 283 472
133 841 799
617 282 293
794 597 462
579 823 203
767 611 314
365 28 265
544 599 418
161 440 578
884 427 901
569 129 54
326 433 546
607 784 442
805 399 23
560 852 382
485 47 164
445 5 117
288 686 236
275 999 855
153 953 999
260 944 336
292 320 69
208 487 304
360 629 573
39 52 327
736 931 295
908 708 679
976 414 351
803 49 791
465 584 608
663 588 413
72 234 761
357 854 453
205 275 518
52 959 588
523 382 136
5 925 94
842 738 872
923 536 24
484 277 18
413 862 824
370 159 653
870 515 783
595 976 706
537 378 525
453 523 227
490 538 778
156 930 238
915 319 744
623 169 516
81 728 823
810 946 745
221 126 375
604 161 683
79 72 698
863 119 786
931 857 778
2 28 465
652 72 902
539 503 352
595 561 209
123 254 881
954 91 988
637 869 773
948 67 894
911 665 424
843 847 768
383 69 447
644 181 344
404 734 86
706 144 895
437 681 15
228 238 951
409 517 568
83 802 849
189 119 938
113 500 444
868 269 455
112 444 102
544 867 772
453 537 395
112 666 446
12 881 334
261 511 757
971 248 997
925 875 947
338 544 612
455 854 800
950 632 95
503 106 124
544 49 628
641 904 389
64 583 985
381 844 101
727 61 321
539 276 982
172 394 212
314 187 297
339 568 858
812 375 306
60 779 848
355 945 98
536 891 59
917 636 769
184 210 167
90 625 283
288 309 40
733 39 300
387 821 685
424 56 330
429 840 342
476 134 251
759 467 99
525 666 621
158 161 304
387 333 617
22 560 756
540 27 881
342 132 823
535 957 742
1 509 740
145 954 789
180 725 471
656 183 239
535 15 960
765 934 811
792 271 833
437 185 203
603 45 105
527 516 430
464 782 565
532 643 487
179 891 869
627 838 704
324 338 158
386 799 845
565 908 224
469 916 262
228 480 42
464 676 445
856 356 227
108 259 778
287 737 112
427 891 460
270 429 958
554 708 281
985 465 863
809 329 171
413 937 704
351 254 126
906 548 458
739 681 309
289 267 427
570 385 969
445 584 14
179 228 922
82 739 165
325 440 665
862 328 1
425 36 240
204 26 811
289 288 976
504 685 216
896 334 249
466 260 320
373 969 500
233 206 635
90 728 429
132 338 759
716 835 105
862 61 504
540 868 390
460 270 256
785 482 265
310 808 383
167 782 248
398 46 991
764 235 542
627 259 936
792 782 803
182 163 183
455 579 719
291 414 908
42 226 201
616 427 181
853 489 345
732 803 14
896 734 228
474 915 737
654 878 146
685 299 781
553 186 144
179 278 437
776 880 671
544 574 550
483 773 41
555 948 901
635 241 540
211 105 67
41 180 881
396 452 195
457 692 945
749 993 188
388 511 269
621 433 629
727 659 685
541 951 988
806 389 208
205 113 60
273 744 936
435 658 672
521 548 695
703 75 196
959 737 35
303 92 892
703 726 817
307 875 360
459 300 613
27 196 807
856 316 725
293 579 945
554 177 672
361 798 443
893 593 575
601 396 849
258 81 833
360 388 695
116 230 338
10 625 231
218 156 125
986 413 123
402 821 787
106 291 283
515 5 417
877 717 934
542 300 636
941 320 626
64 507 300
741 126 712
877 477 371
168 559 17
16 121 252
738 618 756
337 70 364
504 421 991
118 297 867
500 483 511
55 583 804
332 184 34
650 856 996
266 757 429
949 677 594
276 693 101
279 498 556
135 292 20
192 175 625
314 802 584
110 422 767
936 89 501
336 366 352
284 416 496
236 608 269
231 154 503
804 201 943
807 112 700
952 790 426
741 645 114
934 232 92
293 813 970
43 852 796
136 41 220
512 482 424
157 459 617
331 274 756
84 97 595
68 742 458
97 228 323
674 512 204
862 888 47
817 144 286
791 253 617
689 451 574
158 701 13
255 463 316
106 249 51
442 921 563
133 404 150
23 178 285
753 479 131
285 614 512
332 95 979
996 781 240
170 821 587
61 161 996
460 968 83
909 115 136
163 273 776
928 707 236
295 902 145
58 246 561
263 925 540
264 779 232
894 921 559
803 697 153
606 940 793
751 799 755
668 712 715
454 333 903
495 935 232
880 144 499
386 592 301
110 531 816
329 991 489
981 38 844
952 66 282
771 393 43
500 119 837
959 233 434
523 563 15
267 233 788
937 146 313
428 52 244
241 183 410
454 488 398
820 350 665
559 360 384
792 740 47
595 213 477
643 815 791
998 880 743
294 646 361
617 239 371
423 615 822
316 269 337
209 929 853
413 446 813
572 625 826
703 161 74
217 882 342
475 53 507
49 280 125
611 655 49
327 980 700
607 775 361
169 474 371
942 290 501
105 590 278
137 3 28
746 168 90
339 330 282
47 387 617
91 893 488
633 442 565
914 803 79
122 381 580
470 742 956
780 451 92
316 782 224
89 343 285
240 550 618
812 962 254
885 242 749
971 749 6
880 246 426
46 731 51
71 67 280
944 888 78
108 994 325
36 576 372
163 800 480
815 218 759
477 547 64
684 440 770
328 154 167
466 319 580
804 926 775
916 857 738
992 535 420
653 861 725
868 588 866
422 325 455
234 677 573
518 716 916
748 741 997
394 516 798
934 23 200
816 798 307
804 765 556
90 678 12
445 132 334
109 276 690
831 361 474
439 775 638
124 906 678
446 40 748
471 31 82
177 813 187
339 633 155
18 85 641
266 462 671
571 754 226
303 195 652
615 925 960
528 640 760
773 656 198
642 964 444
685 801 15
930 680 213
158 570 828
800 33 751
884 379 911
837 13 4
467 605 787
488 412 939
996 951 265
914 550 657
612 840 330
718 344 875
693 811 313
101 184 449
591 864 40
238 425 716
35 346 627
967 7 531
718 401 694
252 684 997
62 7 385
174 177 748
274 446 268
919 69 340
295 733 485
463 559 179
912 688 163
716 216 173
709 781 666
679 539 961
781 388 927
15 988 138
777 930 962
509 438 719
173 444 925
60 479 365
77 630 319
794 320 665
596 254 353
82 139 193
536 837 51
339 342 481
588 9 905
166 178 815
25 607 588
923 897 547
115 865 706
272 200 323
385 236 838
230 62 724
379 128 321
243 725 185
374 451 973
923 63 616
965 510 733
420 709 774
125 770 983
45 835 326
999 288 20
39 410 725
12 599 694
833 522 385
553 293 55
1 329 600
975 81 699
144 212 765
814 479 197
924 413 686
488 634 570
310 981 10
35 756 840
648 518 937
751 699 104
6 246 281
942 39 896
913 779 168
113 28 267
132 629 306
483 748 547
841 77 342
57 775 485
381 556 721
413 410 306
503 954 872
171 799 384
268 445 306
194 278 923
321 82 682
354 786 118
322 966 260
158 997 922
854 619 682
755 264 307
208 310 682
538 463 529
666 185 653
501 990 947
51 32 156
882 76 320
411 544 174
367 116 863
483 377 268
668 780 251
557 50 793
772 7 891
983 677 637
442 451 498
931 651 726
790 177 527
154 712 757
150 366 860
836 913 684
753 121 820
292 800 693
490 338 739
909 794 340
896 449 61
321 567 817
29 942 607
186 210 300
826 885 588
860 997 702
993 23 844
913 391 722
961 626 618
261 449 5
746 981 404
633 507 652
105 339 379
166 194 283
362 625 517
90 436 198
503 78 850
16 38 729
881 647 21
959 783 925
445 795 38
606 577 537
885 43 912
690 203 75
560 473 646
936 957 304
403 818 249
395 504 188
536 729 939
554 185 970
506 357 18
31 302 222
804 345 835
927 37 430
835 925 573
995 173 571
504 157 114
300 127 558
583 665 876
113 206 916
992 709 419
154 114 810
279 147 751
270 227 503
958 53 171
567 653 474
841 788 142
621 716 538
545 587 158
626 283 220
691 281 404
94 603 408
649 633 464
985 446 685
554 731 842
513 821 475
989 887 655
851 536 820
781 473 279
746 568 811
957 819 675
979 84 120
219 188 93
36 807 160
157 274 41
952 299 955
641 219 800
151 189 241
913 770 574
570 860 794
643 415 575
77 35 275
204 681 238
721 644 486
609 494 12
587 844 325
729 813 368
406 703 602
367 722 521
671 429 314
163 478 986
511 197 962
629 95 73
421 186 824
723 709 827
132 819 783
548 772 215
818 201 13
965 500 59
181 370 347
243 513 402
311 245 150
139 930 817
408 546 1
234 786 237
149 446 708
389 280 629
137 196 745
858 524 827
681 664 822
637 339 239
869 693 275
918 972 642
435 93 406
305 974 302
75 383 77
83 659 35
897 458 322
785 308 610
585 911 131
549 552 557
527 395 685
89 642 470
891 742 330
350 774 615
274 400 466
55 273 315
161 364 874
163 913 134
183 937 192
418 686 478
328 468 472
503 378 702
108 567 701
222 410 466
794 156 586
761 599 816
162 685 418
442 136 120
48 991 735
939 837 227
241 630 801
87 5 202
770 214 924
928 620 416
407 965 783
33 637 290
698 359 400
737 424 713
960 425 522
783 438 202
599 922 582
143 372 671
691 329 169
451 326 784
799 43 317
156 128 519
39 588 447
789 176 781
148 18 812
467 999 85
700 812 747
571 526 802
350 417 536
323 415 758
908 545 441
580 899 330
49 490 230
687 685 196
381 195 17
529 158 830
527 37 431
545 404 624
324 792 488
396 900 393
521 743 747
305 676 642
410 339 6
443 964 360
203 305 408
558 760 720
383 768 786
389 777 454
825 127 283
216 103 306
518 293 795
482 862 462
134 258 217
540 116 156
985 925 408
934 577 212
530 910 81
320 970 218
435 603 393
749 895 123
795 592 563
206 539 367
292 471 237
110 913 204
644 548 653
383 682 475
164 246 274
420 962 42
13 172 597
969 976 269
859 955 342
241 416 911
982 552 933
10 673 216
125 553 178
960 475 752
26 512 965
807 541 608
932 16 259
894 420 380
360 698 937
338 691 532
10 906 376
699 840 446
480 727 735
651 94 157
161 283 468
653 384 801
985 928 328
677 387 568
386 783 826
264 260 191
692 8 290
432 249 94
999 117 631
866 291 436
924 483 147
397 425 889
401 626 634
561 843 815
467 745 663
162 839 56
278 485 884
720 675 217
180 660 2
852 733 304
572 115 273
326 262 741
598 89 565
632 250 337
271 898 256
143 238 87
962 650 260
141 720 131
346 592 731
139 117 111
212 525 203
711 532 85
166 906 30
221 741 524
16 399 400
895 235 511
712 465 587
573 286 809
369 627 339
325 590 107
882 542 250
883 766 639
463 524 940
555 135 640
805 304 537
893 51 105
311 807 942
594 971 206
762 138 750
705 492 31
701 651 49
676 442 267
118 464 766
288 931 555
559 512 571
593 245 355
703 346 37
190 604 802
626 162 580
380 971 246
183 910 738
882 798 18
548 137 158
457 632 161
451 153 631
381 364 704
824 287 87
968 876 469
443 594 943
171 593 677
796 11 370
126 265 456
172 924 496
543 462 398
351 574 622
470 975 675
587 817 522
436 943 437
119 214 409
257 667 816
582 249 830
316 462 974
308 528 4
808 621 367
680 767 635
335 358 574
981 158 308
421 584 523
857 761 911
424 929 431
543 400 410
926 55 268
368 748 633
919 883 739
316 272 291
910 162 852
957 600 977
521 72 799
125 677 426
255 942 195
667 405 23
95 545 512
599 999 532
441 484 190
594 219 666
371 330 11
436 43 484
875 600 110
262 898 52
305 850 285
869 595 416
591 47 450
344 810 826
353 925 459
347 952 136
538 912 329
686 373 419
687 596 407
629 889 845
134 574 188
70 270 947
55 30 539
451 165 819
109 195 721
216 237 78
272 406 82
61 460 342
588 680 825
86 128 120
749 91 776
931 947 407
980 737 40
118 276 401
355 408 441
766 796 239
983 406 330
122 174 871
790 572 548
776 262 232
868 818 371
676 228 146
536 961 221
426 805 178
682 620 689
634 892 213
696 202 59
905 916 427
967 125 279
108 724 402
347 834 266
532 858 231
821 289 25
454 880 40
988 297 111
345 70 28
439 422 750
113 152 761
18 26 977
527 636 978
877 802 82
562 133 988
302 516 648
550 483 31
435 392 135
414 150 484
970 815 69
310 593 801
74 553 39
814 811 404
707 765 165
494 897 234
315 908 836
575 445 500
488 367 119
263 591 387
754 657 859
927 262 869
230 756 810
806 614 128
703 298 786
458 842 93
89 253 503
825 535 123
743 594 175
712 447 944
438 643 901
505 543 393
233 29 460
656 460 190
188 157 394
84 816 856
710 524 769
354 85 571
401 429 505
715 92 368
67 499 768
199 586 449
635 895 643
109 832 876
433 990 581
893 472 136
665 739 906
505 996 480
699 706 284
178 276 628
958 960 168
755 71 42
334 2 70
991 611 909
83 877 584
146 160 545
891 471 308
618 177 414
765 267 353
552 537 702
624 616 201
497 729 125
709 80 572
32 881 600
194 919 471
330 19 393
602 168 776
926 602 451
244 411 14
95 289 270
156 656 503
185 205 610
993 188 583
618 777 865
494 672 925
593 397 963
406 125 58
22 169 405
124 861 848
860 213 845
992 802 563
526 43 234
402 33 493
187 445 41
987 711 4
112 64 111
393 760 989
813 201 807
465 551 150
697 844 814
835 959 206
25 54 519
235 287 976
771 248 434
596 341 188
820 857 970
378 370 680
430 426 879
767 220 882
392 233 538
161 107 171
86 481 663
613 845 249
508 628 333
469 159 216
115 513 722
859 823 673
564 405 674
787 607 514
186 407 304
65 544 499
136 17 991
842 178 533
375 67 775
123 365 230
139 97 659
828 997 19
427 338 186
717 290 82
878 527 946
183 114 649
664 91 651
57 887 926
517 331 525
302 217 871
401 962 481
243 402 187
562 836 222
216 632 899
990 267 625
390 835 806
79 995 785
273 880 258
712 628 130
682 471 102
693 883 672
269 196 740
664 433 237
864 629 305
414 840 365
271 250 471
986 123 840
883 421 546
914 990 331
908 104 226
500 360 157
834 219 873
953 756 521
353 9 158
221 342 206
335 481 536
573 716 975
195 922 510
373 631 672
199 558 103
837 74 598
716 500 738
496 797 918
748 207 676
477 130 530
38 919 68
730 349 634
945 737 877
861 192 566
182 309 280
533 257 423
395 316 867
492 516 259
722 949 205
400 162 360
999 131 457
458 773 994
835 551 7
93 277 87
455 744 218
740 96 931
234 765 67
695 376 121
345 108 913
288 956 963
297 288 722
172 459 664
127 836 628
763 599 636
795 602 49
760 847 233
578 224 763
652 812 619
398 284 944
687 917 310
979 441 444
423 150 867
427 357 40
709 488 533
433 238 107
894 137 334
272 782 841
718 787 197
487 39 561
714 456 161
852 286 588
513 879 932
161 318 974
53 429 69
632 543 332
101 926 72
657 978 329
96 869 90
941 487 553
106 526 63
339 707 119
921 301 654
134 223 12
781 424 264
317 702 830
878 59 725
979 932 978
305 598 433
464 734 716
838 284 540
456 974 507
800 123 875
235 963 322
317 683 769
4 196 294
194 289 45
329 37 132
201 749 331
273 173 750
450 300 938
562 228 712
620 968 270
354 949 695
501 527 342
707 272 813
799 84 23
674 590 400
715 630 798
400 510 775
400 191 976
957 385 477
845 85 312
722 862 365
438 933 595
523 2 209
227 853 954
766 421 437
514 457 231
616 305 571
976 37 439
544 821 404
56 797 223
657 670 771
775 679 750
407 377 588
517 760 239
630 939 777
283 942 640
847 777 453
862 303 914
726 548 3
970 746 344
58 980 249
967 355 136
433 797 693
510 961 337
459 992 920
411 537 82
890 790 257
583 289 370
728 430 909
168 742 601
240 493 809
570 525 538
941 720 844
800 193 757
201 766 483
9 5 924
141 532 510
710 407 671
563 316 555
898 734 774
943 197 257
637 645 77
365 988 768
179 33 8
265 504 476
835 29 668
644 518 592
152 535 17
317 222 339
599 958 780
988 47 596
957 802 410
707 795 322
806 527 384
518 328 799
57 195 56
327 66 172
651 564 676
724 454 311
142 799 551
855 381 517
771 958 904
495 938 53
906 971 922
586 632 848
681 864 885
485 8 275
365 211 844
681 681 791
692 568 288
124 241 840
428 943 311
724 473 96
313 353 13
972 368 166
513 216 774
929 166 509
117 636 116
121 575 391
364 319 502
496 221 146
76 972 583
133 241 594
742 489 774
202 982 402
330 244 356
964 891 985
596 839 912
737 282 887
998 695 565
704 519 349
289 253 450
482 536 738
791 701 394
243 879 88
249 526 993
124 558 239
69 363 523
747 957 775
912 250 440
818 152 918
557 921 65
112 477 338
638 556 439
66 488 614
254 855 936
99 116 615
360 48 819
661 470 993
284 221 980
129 601 597
825 340 399
25 591 440
952 894 859
837 774 1
780 219 650
501 618 704
194 212 262
277 61 781
877 785 152
105 67 490
255 793 337
114 632 711
973 467 557
124 898 575
929 829 933
827 797 805
400 916 601
597 103 552
72 312 311
261 140 747
360 824 837
508 44 258
970 777 424
816 876 502
75 814 221
503 325 663
669 4 650
874 578 295
413 972 683
956 67 805
744 228 466
797 103 774
585 375 636
804 333 712
240 51 698
833 207 840
795 891 126
10 644 695
462 263 81
925 20 99
67 581 385
429 899 793
5 607 674
601 336 600
207 347 846
481 589 509
271 827 478
868 747 595
732 810 90
752 776 772
441 183 812
215 884 866
16 230 972
591 824 278
630 722 138
376 777 461
545 164 704
931 131 315
624 641 112
424 40 18
414 29 647
728 450 65
732 139 505
2 827 590
89 626 863
560 275 347
984 499 596
613 979 462
582 204 710
150 749 606
901 571 402
522 135 909
706 830 284
395 940 178
367 312 592
702 20 645
525 724 705
702 258 13
853 789 284
612 875 952
698 48 172
784 640 141
649 279 173
671 314 651
28 11 761
802 962 892
850 361 836
272 212 503
977 208 954
623 482 830
951 190 782
606 756 211
483 637 469
925 936 720
114 739 257
459 572 482
826 648 37
745 743 540
242 803 965
295 280 377
551 129 763
290 292 879
727 375 139
146 428 645
568 554 349
987 498 723
636 514 173
900 637 898
355 767 806
57 460 207
909 995 587
164 489 686
510 425 561
392 204 101
707 716 75
380 495 335
759 152 631
976 735 526
991 965 697
712 680 650
323 770 748
353 699 74
445 81 55
713 277 635
597 959 108
79 750 851
439 7 637
234 216 497
777 877 289
28 808 60
606 306 866
291 260 650
64 596 886
204 809 736
302 297 147
239 269 569
49 625 439
688 314 639
446 889 520
968 430 781
286 132 286
705 444 438
952 389 797
541 698 762
160 944 77
445 874 151
632 695 75
612 736 132
867 235 249
649 470 67
120 962 412
925 157 456
950 259 72
499 145 46
10 377 716
872 181 879
803 272 810
709 152 786
197 99 898
526 722 347
535 314 375
78 223 945
71 958 174
907 671 252
693 243 749
540 912 12
101 768 578
788 930 168
797 661 713
43 175 490
756 669 903
622 238 939
710 899 72
125 988 390
762 793 753
56 657 202
961 310 39
785 463 328
837 289 584
245 974 279
163 323 843
6 824 428
837 604 728
389 473 612
578 690 236
897 640 656
883 786 431
783 32 89
687 618 965
726 366 51
310 725 164
437 997 699
212 713 829
776 598 433
730 807 916
235 673 513
52 440 727
330 300 845
562 487 304
967 546 509
201 781 418
561 755 344
622 473 681
276 234 7
721 874 83
191 620 695
70 556 461
432 297 824
980 590 644
559 628 72
365 64 883
960 246 10
271 859 70
177 251 865
626 676 549
28 756 484
337 430 996
944 935 510
255 118 873
55 111 636
449 196 572
327 798 790
885 236 259
56 290 538
612 114 453
798 61 87
612 549 927
114 762 176
962 839 127
299 553 234
891 949 217
466 232 8
754 299 65
790 89 951
665 432 73
310 29 264
463 351 403
878 669 185
354 665 226
776 641 559
441 243 769
880 383 88
161 957 736
497 721 857
142 749 635
995 561 655
733 768 520
837 702 776
957 119 38
229 869 98
678 139 161
309 89 34
240 701 127
395 670 994
98 787 707
925 591 645
561 919 627
742 453 207
383 683 396
126 696 94
62 841 368
988 521 291
283 836 316
497 693 957
272 399 158
48 595 339
307 249 986
277 852 429
521 254 100
364 932 65
388 703 933
423 154 441
741 986 330
681 889 98
294 355 427
310 731 247
601 31 916
827 516 710
579 866 770
49 287 199
378 826 672
639 220 691
27 285 459
531 344 226
159 971 372
997 248 133
360 881 867
212 594 234
466 867 965
671 780 900
639 431 616
419 230 625
490 851 839
77 549 668
86 858 787
395 948 242
458 624 599
682 102 673
498 336 871
382 499 325
172 18 716
829 766 22
971 530 269
318 951 636
790 3 135
452 588 496
18 649 481
86 144 251
193 203 461
752 341 387
356 869 761
77 12 63
295 587 175
832 755 167
320 434 443
293 997 400
324 497 127
667 614 686
883 181 986
689 753 41
96 301 227
938 521 888
186 905 939
609 838 535
63 990 544
577 930 247
436 624 751
473 801 133
548 58 841
657 642 10
165 168 206
193 953 527
641 293 299
541 100 482
679 805 71
609 59 212
885 908 673
445 816 378
291 286 696
149 32 425
345 92 874
951 644 720
861 395 734
970 247 642
560 688 842
729 560 375
177 204 569
767 795 966
988 780 878
89 635 162
792 308 709
878 613 395
186 48 713
910 814 765
217 294 628
435 835 160
681 181 253
818 851 89
978 858 328
899 718 138
686 376 849
611 627 324
833 447 376
798 237 771
671 531 485
988 250 6
945 126 723
101 359 537
931 683 39
661 534 991
849 254 468
785 673 897
987 198 514
692 106 859
893 451 757
226 962 318
466 917 612
303 451 759
321 593 390
388 797 472
362 523 30
60 500 810
403 935 839
748 370 717
211 647 300
570 760 965
211 262 73
110 286 812
465 342 882
721 938 54
879 66 289
415 941 525
948 579 860
175 418 811
4 883 619
62 25 903
130 899 404
706 795 398
815 103 388
38 945 453
695 50 639
636 613 770
255 863 534
570 689 399
255 562 477
578 501 354
971 953 331
676 198 905
306 25 446
376 776 619
716 664 759
250 262 256
445 988 513
179 335 286
100 756 153
391 626 910
413 680 124
537 274 748
607 728 687
227 530 986
601 46 360
477 843 57
203 106 654
559 689 950
90 214 83
301 510 857
218 752 922
592 426 124
351 211 826
750 856 30
325 261 813
311 330 299
637 772 432
840 867 776
493 347 154
183 973 684
370 475 622
106 38 82
52 688 669
781 614 463
761 392 490
226 825 427
54 128 367
752 9 870
481 800 14
186 121 307
793 936 555
645 235 536
787 919 474
312 527 875
21 177 811
135 796 602
898 200 604
736 85 750
570 35 61
5 241 294
71 908 738
137 832 98
982 903 259
668 738 487
381 274 291
725 573 585
412 436 626
387 104 821
982 350 30
996 449 399
950 321 523
514 789 41
182 889 613
240 767 354
639 356 538
67 988 320
230 388 805
39 306 875
394 963 730
145 551 364
835 722 15
343 812 155
833 466 281
229 642 572
243 583 887
852 998 519
684 759 456
117 20 550
694 625 9
828 956 313
59 796 472
158 811 112
144 922 5
623 26 450
977 62 846
639 387 170
217 872 85
336 510 733
952 95 257
583 428 793
816 103 386
631 70 926
782 141 36
71 77 407
69 630 29
311 627 758
851 873 878
285 467 50
180 143 332
915 628 781
792 45 908
69 15 66
808 485 720
797 762 954
283 635 139
10 253 244
673 928 180
792 113 514
950 206 550
878 62 882
163 920 875
43 965 704
141 473 509
55 722 649
56 426 439
53 423 584
599 761 273
718 337 414
628 245 559
415 266 942
204 261 693
223 817 128
110 369 249
168 345 665
81 657 640
88 533 335
447 853 683
712 351 732
160 537 111
201 147 205
615 153 911
209 968 17
458 624 497
375 94 224
123 940 104
874 405 434
765 115 174
20 753 529
469 239 409
798 706 460
610 971 447
153 983 381
676 754 120
90 265 854
16 881 396
584 247 813
846 851 445
859 880 506
495 363 765
31 411 554
433 154 924
550 820 204
620 646 897
156 249 109
783 140 251
225 648 224
362 94 143
34 556 813
783 957 316
935 350 911
817 369 35
928 930 354
512 603 647
534 59 835
323 895 605
115 644 536
5 470 321
526 730 183
223 260 942
138 661 918
405 878 895
961 581 685
240 512 143
948 608 21
805 714 940
638 695 859
194 456 374
547 903 257
281 931 105
76 385 892
244 391 789
533 506 469
164 41 373
251 71 105
842 536 760
455 804 112
470 749 36
693 26 100
809 369 363
959 861 85
102 264 676
940 97 67
853 506 487
896 695 129
402 909 111
478 811 202
34 818 426
740 661 722
967 103 103
413 883 655
156 178 483
644 107 878
215 664 69
100 54 275
448 518 371
981 729 386
998 521 604
372 520 503
950 37 640
436 212 330
20 104 537
655 890 792
87 651 496
935 622 450
394 170 654
862 930 62
735 793 797
301 329 916
51 709 402
374 400 650
976 586 331
711 789 194
913 858 653
614 514 766
546 711 17
91 511 810
951 222 25
760 473 889
453 782 556
987 152 564
356 149 20
771 190 351
363 44 575
569 117 134
262 867 807
641 100 519
599 587 814
389 717 231
201 785 477
30 887 773
650 841 355
714 839 921
120 526 96
162 909 5
414 272 906
727 20 856
408 18 253
918 901 394
17 646 810
835 55 377
31 926 521
538 583 140
255 876 74
753 207 799
669 583 904
979 434 982
169 26 117
910 984 397
282 612 786
764 23 673
704 870 593
474 911 796
914 456 883
500 285 530
700 708 793
144 315 656
217 466 441
591 201 389
995 545 913
171 290 608
426 90 660
241 842 304
821 203 764
167 222 330
606 575 158
582 355 571
766 480 431
578 847 236
347 993 289
752 592 400
937 643 431
772 818 810
517 806 795
202 234 132
753 619 24
362 136 432
2 37 194
149 536 611
46 724 327
530 495 181
30 542 245
798 130 763
112 669 970
412 584 351
840 135 491
517 238 327
810 810 519
930 482 502
996 871 814
487 164 371
892 90 396
587 496 889
555 259 85
581 200 731
212 863 304
976 521 286
110 304 590
704 429 862
590 168 724
497 601 720
698 831 179
651 82 513
986 645 304
605 949 462
297 993 939
305 996 643
292 20 163
112 148 191
895 358 633
424 55 116
904 399 893
555 993 433
519 233 357
503 125 777
882 33 820
910 676 106
659 603 407
751 500 32
103 221 962
110 342 997
870 863 478
560 105 387
587 412 204
713 122 392
728 73 896
108 980 309
375 504 410
381 355 375
10 365 991
578 985 851
119 326 224
220 530 841
86 472 298
935 663 30
549 609 346
354 823 706
582 294 949
292 511 229
289 930 959
746 454 830
466 624 666
709 721 494
654 786 533
196 3 236
554 444 414
206 726 764
645 378 67
778 38 416
67 731 881
889 634 889
162 73 794
604 661 61
915 750 360
873 636 827
464 805 303
569 619 132
145 728 307
781 941 197
40 371 857
827 963 304
795 700 858
135 958 668
292 460 140
637 710 492
347 645 137
214 379 54
91 580 599
542 915 260
392 210 525
527 196 409
621 990 791
626 569 617
590 9 962
645 392 517
216 840 247
43 202 315
479 480 534
30 730 645
593 775 679
444 5 185
298 801 44
218 468 673
299 322 434
809 121 647
28 752 711
416 75 382
457 645 691
389 906 982
631 368 589
70 778 104
721 800 986
643 125 272
658 200 728
638 509 853
877 494 957
949 469 868
860 724 502
540 835 55
933 934 534
902 413 949
219 703 885
139 573 918
436 168 803
770 912 14
152 27 204
903 850 452
434 346 240
112 456 89
480 207 973
921 87 210
339 90 931
295 823 263
947 54 372
65 903 943
901 316 815
107 253 739
786 749 110
378 177 766
909 186 131
195 583 7
271 22 459
209 335 404
326 589 232
777 84 60
1 77 763
174 873 233
266 756 918
845 202 988
339 569 421
662 612 314
118 972 936
633 721 109
977 787 120
537 69 747
382 696 270
818 433 420
801 529 452
653 818 174
749 907 512
890 291 510
142 135 175
300 592 914
36 904 808
336 334 467
965 153 881
248 139 543
756 315 941
729 662 249
549 313 743
744 721 10
741 991 296
