100
419 530
434 558
896 467
671 710
875 333
849 560
398 313
742 784
602 506
197 920
703 497
532 244
441 127
667 311
543 39
799 474
251 759
463 91
671 813
669 946
509 368
106 966
603 949
19 63
291 645
53 913
163 49
512 104
617 202
650 560
426 730
994 929
849 32
632 255
185 172
572 280
446 304
379 676
427 962
109 887
333 386
664 605
91 565
421 837
161 953
640 830
600 619
361 905
319 914
799 344
788 487
692 691
861 382
407 434
477 477
46 508
208 778
691 458
686 353
643 419
146 208
267 191
814 594
309 432
291 791
346 601
749 425
802 914
304 356
234 418
655 472
139 836
774 62
487 500
333 167
510 453
840 706
175 984
789 71
976 166
559 276
640 6
285 693
304 187
786 347
478 247
203 199
313 691
350 433
141 818
599 490
370 355
371 996
297 93
122 227
717 561
597 356
755 743
659 830
732 472
