10000
138 624
769 3
851 913
736 554
360 559
554 757
911 330
269 19
895 863
970 463
715 729
282 945
919 978
871 214
152 188
562 700
725 769
806 24
96 376
783 512
954 832
766 858
159 22
659 70
787 722
332 415
382 127
915 928
824 254
349 557
352 202
29 316
701 938
392 359
946 859
563 717
371 938
85 390
745 960
827 698
76 386
839 749
342 605
872 720
450 457
603 144
195 853
704 185
210 342
719 394
275 164
627 446
309 535
216 642
277 527
161 935
962 482
487 210
588 125
661 271
918 980
433 345
873 195
780 261
977 168
409 293
682 609
646 139
885 273
897 579
2 757
523 390
148 858
161 904
763 288
31 386
108 758
193 338
670 721
895 380
869 565
502 113
381 939
916 187
514 888
319 547
147 985
469 586
460 393
929 305
378 133
827 419
748 360
264 292
910 954
626 315
372 542
708 353
551 680
526 215
28 172
710 131
634 879
647 1
156 479
234 253
749 333
536 81
410 310
133 739
115 113
857 944
459 733
714 505
786 915
529 584
842 506
263 198
940 198
12 875
69 588
728 238
334 875
766 178
228 452
568 392
791 736
888 380
541 544
511 446
164 746
903 833
987 503
470 507
850 286
437 429
705 986
273 644
575 789
20 658
947 183
657 84
333 374
195 468
513 606
598 805
977 67
825 426
275 524
125 417
137 357
377 963
549 371
337 317
762 187
224 750
96 190
1 920
800 379
738 199
293 100
216 492
154 885
608 626
995 97
299 143
242 152
171 179
833 718
344 187
548 538
787 510
618 452
686 852
851 449
743 628
290 586
289 591
489 430
900 369
196 974
344 602
988 679
479 589
211 966
714 180
223 917
763 503
582 183
655 214
986 757
729 596
139 479
94 315
806 641
555 894
842 769
768 432
535 22
556 636
92 198
223 11
850 979
91 693
429 69
624 853
613 634
986 78
318 974
360 485
171 358
771 578
954 545
779 396
286 640
516 168
652 334
625 692
251 940
207 487
501 309
174 429
380 171
332 27
723 519
146 343
937 344
380 125
149 593
958 653
651 795
642 872
756 10
666 501
787 735
309 828
982 931
837 86
285 916
583 143
125 744
10 676
650 128
593 397
263 113
490 816
63 177
550 958
577 722
112 726
49 104
924 746
827 600
673 953
547 44
571 781
462 262
676 48
24 334
441 875
878 595
890 386
103 663
2 113
231 921
560 241
665 356
876 754
867 42
557 735
581 437
972 329
320 405
67 787
963 174
876 779
604 176
947 437
689 450
448 155
676 365
521 684
174 607
897 622
557 617
633 113
392 378
739 535
355 625
366 832
584 970
436 977
287 635
816 919
399 636
565 792
469 679
607 172
543 648
708 798
213 852
330 310
666 200
300 301
296 999
578 431
468 356
74 978
976 143
24 128
216 831
967 576
963 898
91 760
19 671
749 998
718 33
160 656
780 952
887 78
196 553
165 327
196 564
331 868
386 624
244 637
332 303
521 690
696 446
578 14
521 411
709 785
669 262
319 507
20 250
902 462
930 707
164 391
838 545
921 125
981 949
688 584
784 484
868 780
654 528
319 950
756 871
289 195
545 969
881 777
342 180
762 654
468 194
491 98
614 520
260 51
756 252
311 799
635 636
59 811
849 325
347 996
225 273
649 537
134 302
416 298
691 842
388 306
444 510
367 922
775 134
820 112
172 87
448 460
577 657
600 452
858 402
506 736
483 77
673 172
411 750
484 266
336 134
512 118
266 322
490 699
161 449
257 189
403 210
949 722
637 259
906 427
628 94
146 685
46 957
613 558
579 835
988 492
712 727
310 863
975 125
156 109
426 523
87 762
139 626
418 903
719 814
17 59
711 807
167 817
208 562
44 181
394 118
245 808
457 622
537 710
834 626
23 820
493 548
126 834
351 970
921 49
56 639
703 691
632 395
422 574
850 448
219 839
984 727
841 657
81 123
658 821
669 625
981 295
591 408
889 685
93 608
320 946
165 3
30 318
320 958
967 629
133 340
685 757
146 345
662 830
314 655
420 683
459 312
377 966
498 692
583 391
488 791
665 92
887 68
781 562
592 407
18 295
385 511
557 241
997 456
129 349
834 926
728 45
359 244
403 107
489 428
548 526
905 595
887 444
423 412
736 643
716 155
270 671
169 850
694 363
433 308
382 645
927 106
190 597
194 965
548 866
507 475
243 365
737 303
780 570
250 389
664 77
548 522
820 2
44 233
956 27
622 18
819 283
534 585
590 782
769 82
711 977
929 733
687 702
242 866
535 547
101 178
984 20
780 181
231 117
478 986
606 592
583 228
667 363
549 263
674 794
713 970
570 129
588 80
954 948
130 743
331 671
309 392
821 143
93 765
390 567
961 683
78 672
171 972
326 226
306 248
787 100
404 349
233 877
540 941
286 108
371 276
116 118
171 86
170 783
699 150
285 738
695 129
824 588
788 10
618 592
780 836
281 652
210 468
454 481
556 954
204 1
995 240
450 208
870 667
503 514
895 977
19 612
113 672
890 504
825 672
585 733
647 466
733 70
239 668
855 372
829 130
26 358
440 585
622 989
824 249
934 390
341 443
989 890
935 366
604 381
901 163
596 539
714 975
7 636
695 176
659 100
320 396
423 384
191 798
619 445
270 85
183 627
749 550
798 995
815 37
85 67
41 245
351 908
692 358
668 991
302 447
689 613
869 367
274 503
26 479
324 78
533 288
748 456
237 343
440 151
102 437
963 706
656 975
398 601
889 692
776 715
533 932
118 9
92 437
329 680
941 680
764 371
42 270
907 271
2 885
270 813
405 236
803 771
249 527
59 854
303 25
92 915
508 726
694 299
902 754
708 282
86 420
472 26
514 623
22 548
529 83
999 630
305 534
172 607
854 381
552 545
150 183
764 360
820 135
63 659
192 172
507 532
591 569
711 797
825 361
284 590
166 186
326 812
978 133
370 776
774 160
642 860
504 766
897 394
531 621
191 626
837 159
691 669
906 213
287 514
981 989
331 528
526 255
706 868
645 823
984 102
538 166
638 877
709 748
79 759
232 128
477 662
724 496
373 812
198 115
532 506
847 696
741 165
518 368
600 798
414 603
384 40
827 787
45 618
144 200
323 368
930 191
219 993
225 942
992 989
233 23
316 256
899 374
949 259
196 995
863 559
90 301
794 33
340 538
193 294
687 601
807 94
4 348
715 789
627 35
988 999
153 720
820 811
216 498
183 701
134 112
776 342
425 660
64 905
2 160
887 12
625 309
558 145
639 678
417 106
448 844
326 21
47 617
191 956
157 229
107 159
852 791
633 598
344 473
98 915
264 567
997 817
164 110
415 214
661 199
391 529
658 288
962 675
967 360
126 260
517 710
289 192
746 708
724 325
945 761
727 670
366 44
351 16
671 283
785 35
701 134
59 584
865 837
841 201
942 377
988 193
270 624
531 185
966 367
422 586
797 608
46 508
41 41
846 88
890 630
821 543
245 98
738 536
626 605
550 164
478 362
53 197
757 32
165 700
678 499
159 418
383 324
199 651
540 707
546 587
925 624
975 593
412 887
967 725
743 35
478 326
45 938
992 965
652 484
804 891
683 588
295 902
274 106
22 294
631 255
296 762
874 501
217 729
855 731
735 20
28 851
481 218
735 834
841 583
318 373
681 326
892 60
49 581
825 901
413 497
184 573
889 337
319 89
206 585
194 790
32 968
459 829
793 17
514 508
561 510
831 332
201 416
754 520
537 563
229 667
21 924
243 340
926 20
708 517
236 712
547 608
398 643
7 752
170 174
751 759
299 964
22 290
779 600
692 793
78 475
937 733
362 266
447 437
399 589
587 617
295 771
963 787
742 100
88 5
817 440
488 178
28 318
353 303
691 950
289 606
922 325
687 639
416 447
118 122
459 102
4 760
502 317
490 337
845 462
47 463
599 66
90 394
392 172
275 436
309 832
633 912
894 102
22 894
823 216
724 654
156 88
187 301
462 934
74 567
6 499
7 735
718 248
213 236
342 988
554 987
983 516
807 804
188 569
885 60
771 737
657 632
472 322
257 260
63 660
885 193
164 354
685 328
309 353
677 311
204 318
964 951
560 169
438 311
824 681
965 67
812 918
204 536
513 654
946 963
351 476
426 349
144 941
133 813
792 509
351 339
695 678
681 99
260 809
20 799
129 254
991 708
480 817
136 942
945 168
409 11
532 953
948 549
203 585
426 907
491 929
641 215
658 125
248 698
964 605
212 892
223 964
419 399
699 358
91 789
734 750
102 169
704 55
676 30
316 921
463 347
777 959
372 829
383 599
317 296
193 624
31 862
83 512
85 722
312 616
441 573
980 790
791 588
655 405
853 678
270 811
708 163
58 175
678 527
352 58
3 939
8 702
555 539
464 378
44 616
460 656
572 751
531 912
832 434
232 792
355 602
739 360
71 434
532 764
57 212
749 859
151 967
466 400
788 997
337 871
277 983
573 906
718 776
955 307
442 957
637 403
905 585
507 88
468 272
367 531
23 626
809 915
550 472
561 757
896 988
804 728
564 933
35 609
993 691
759 737
766 868
410 430
863 418
865 431
201 28
623 518
895 153
246 678
932 848
308 475
312 77
870 675
130 836
398 680
657 817
111 611
251 584
669 39
622 400
75 846
207 401
932 951
115 636
10 149
208 321
448 140
527 892
117 739
914 826
983 161
142 430
80 236
742 703
261 820
621 128
277 142
69 479
150 707
753 360
999 397
669 623
644 105
903 228
343 496
250 882
296 144
886 270
514 346
534 786
414 625
179 542
421 310
31 837
421 982
564 835
470 991
25 355
522 41
14 884
786 151
351 8
263 839
569 119
736 828
281 454
506 959
941 435
714 893
103 442
347 830
193 26
141 515
12 843
109 881
334 403
410 834
8 837
619 506
144 282
310 529
766 972
293 715
393 457
274 723
456 835
418 399
823 645
8 574
206 259
354 117
753 459
628 386
895 366
143 627
787 507
891 910
714 245
745 421
433 401
870 959
506 603
367 274
937 426
410 354
474 48
24 481
524 65
983 384
615 969
702 985
332 811
970 526
611 369
677 880
787 906
50 882
131 550
452 794
581 151
226 97
567 113
787 552
39 124
88 689
115 657
338 439
59 135
937 342
542 95
10 415
668 229
206 788
747 538
217 485
695 636
158 674
563 848
314 857
584 256
840 825
108 10
614 702
754 328
711 22
915 477
780 927
716 875
216 561
179 841
577 628
194 45
132 428
262 671
432 122
376 936
319 986
203 46
234 138
860 959
132 141
6 676
843 415
746 411
706 905
251 951
291 505
850 515
434 323
217 964
397 579
607 925
513 636
637 650
11 744
701 829
559 132
903 798
733 384
244 211
649 203
750 288
918 186
306 491
671 151
238 808
907 550
504 256
556 425
973 976
228 496
380 932
58 765
499 568
345 528
268 816
504 274
357 682
204 750
722 82
686 168
624 958
812 423
150 582
242 195
561 447
558 339
993 490
533 287
523 43
301 820
998 963
43 148
191 995
727 74
412 915
549 60
85 851
989 668
362 619
949 396
240 580
1 998
769 509
66 928
972 537
953 780
282 860
945 251
122 134
961 818
539 367
598 630
346 405
329 53
551 955
499 455
92 794
442 486
502 116
879 947
31 916
830 782
662 40
754 1
304 224
538 506
237 921
175 271
825 213
231 408
640 456
386 402
622 875
355 981
174 668
300 23
992 186
576 196
435 201
399 707
138 894
229 285
296 980
654 445
208 223
479 334
37 135
252 256
701 188
316 822
552 875
392 343
954 957
73 539
387 531
199 604
742 103
700 362
814 71
369 60
971 561
904 97
601 801
846 23
70 559
288 723
896 553
726 578
849 56
474 343
486 767
91 723
646 925
598 361
800 195
95 611
965 200
357 889
475 872
269 76
462 756
119 560
119 669
473 354
366 343
399 886
979 18
384 370
746 119
175 380
591 833
205 802
241 406
407 734
558 931
15 445
530 451
313 902
373 613
228 290
299 851
400 312
979 865
706 83
647 14
671 342
927 598
778 331
391 573
903 356
659 898
490 239
897 108
513 173
329 202
936 987
654 701
941 337
705 588
829 989
866 190
765 673
654 631
765 391
308 145
520 24
192 34
108 90
264 513
970 19
506 691
617 427
630 723
905 731
437 737
108 289
238 693
926 311
170 328
448 525
988 644
320 158
980 105
130 843
122 200
482 428
446 181
974 452
886 123
739 216
993 875
763 417
935 120
984 422
666 247
822 275
724 149
931 534
324 668
787 730
896 338
60 955
55 586
510 633
524 55
24 685
435 642
923 663
450 525
803 462
120 147
785 955
166 775
608 288
147 228
482 290
614 67
850 669
126 932
702 850
77 34
229 230
889 219
901 405
445 140
945 949
424 829
928 41
445 779
220 977
37 481
358 319
146 702
78 338
501 706
898 268
210 62
516 109
620 702
430 296
200 562
930 434
897 414
876 156
725 410
849 351
708 58
358 841
957 8
672 917
727 214
91 799
838 247
697 198
661 392
984 833
277 299
383 203
686 379
290 338
206 809
992 464
612 722
581 723
220 119
392 884
936 16
315 930
48 589
774 365
621 179
719 115
68 421
315 512
391 454
671 484
12 638
27 518
37 966
488 62
441 821
117 628
498 877
414 813
687 234
114 330
986 741
799 228
563 682
551 758
506 396
148 228
853 219
422 577
705 588
523 267
95 84
293 128
708 969
850 961
333 833
794 406
552 769
180 789
451 524
847 103
32 133
237 66
190 45
259 521
991 714
485 889
768 658
755 292
223 21
907 601
632 260
508 500
845 423
810 612
338 480
63 530
714 991
500 976
6 966
528 596
622 530
954 263
65 190
629 953
94 795
722 383
305 48
130 611
624 834
983 198
679 438
773 515
533 214
828 621
908 574
801 402
379 315
755 335
958 590
191 880
945 304
310 59
270 474
667 389
341 808
817 567
214 531
432 564
551 707
233 127
534 85
429 933
843 799
649 400
479 338
880 658
792 400
86 253
27 393
122 328
772 494
926 444
617 565
107 892
735 641
294 515
466 80
375 674
17 489
819 107
498 76
623 838
498 973
272 700
965 839
647 242
950 302
240 724
706 475
387 785
11 111
419 802
733 246
224 773
691 124
220 758
248 654
667 17
969 997
727 813
986 419
252 348
248 89
693 843
387 426
91 630
759 3
365 154
805 377
320 845
545 290
394 344
241 713
134 813
405 33
514 151
916 559
477 251
157 492
351 442
835 448
363 800
361 233
723 887
883 674
762 559
10 332
810 566
991 171
314 432
107 281
678 333
708 555
747 909
909 782
475 665
870 993
143 281
556 599
47 587
97 631
590 269
942 752
601 497
385 686
614 278
461 876
282 853
779 256
657 251
821 990
932 707
895 219
628 176
981 729
61 37
800 658
872 68
715 766
842 60
925 451
686 452
526 797
802 556
55 393
98 215
590 829
881 876
420 990
727 375
123 723
514 135
958 658
526 399
723 556
275 10
794 161
549 714
10 759
491 441
805 665
182 607
95 449
732 725
931 171
715 805
902 238
37 841
20 79
83 79
991 983
390 910
976 189
842 772
838 930
1 125
324 807
459 38
94 439
30 359
43 881
441 570
35 948
617 474
560 135
280 72
892 229
958 927
471 677
505 737
261 354
575 468
745 248
463 388
893 632
333 369
721 282
671 453
871 478
878 716
609 288
532 560
898 132
69 670
50 747
899 786
390 227
117 401
557 266
229 817
277 211
131 454
90 682
953 655
560 815
37 669
956 625
494 778
953 58
138 139
231 583
257 482
669 926
300 557
775 600
653 941
674 814
355 241
101 919
487 871
94 76
239 805
385 294
43 518
712 387
71 451
935 445
12 754
955 127
938 999
884 852
648 695
318 836
935 788
346 623
659 539
453 940
645 712
65 715
504 451
618 822
139 881
546 776
369 75
12 306
727 411
727 830
49 407
885 713
768 733
548 856
462 213
606 950
763 378
851 250
957 400
348 41
363 395
339 173
671 795
589 499
777 544
464 645
397 63
59 767
857 19
965 494
291 13
419 810
704 999
723 949
663 422
262 353
961 186
579 559
667 483
972 523
328 959
277 145
39 533
730 618
427 723
902 786
513 796
972 925
794 79
609 758
255 859
363 126
601 322
309 385
860 710
20 481
266 753
369 111
935 269
38 411
640 83
444 845
244 121
407 865
13 340
152 404
391 291
535 686
204 76
833 454
33 992
641 189
454 873
203 722
214 862
392 652
350 797
772 285
594 259
248 738
581 167
269 873
266 455
222 697
57 736
917 901
706 697
404 374
14 724
507 301
610 233
704 624
118 491
395 842
462 945
448 421
293 926
226 550
125 940
122 490
551 649
936 396
41 596
73 735
139 834
511 704
427 754
907 505
192 924
246 126
84 36
482 297
585 622
343 441
283 344
654 206
596 254
494 300
673 704
9 948
554 428
347 706
953 495
535 634
289 199
90 483
939 529
687 489
867 571
49 201
115 320
673 301
987 701
450 155
892 970
481 672
239 368
123 960
148 951
742 659
544 78
805 806
643 31
13 572
803 547
647 130
792 72
820 455
393 132
120 20
872 140
691 830
78 705
496 491
461 881
80 405
883 718
449 432
974 896
95 13
164 409
398 512
928 425
199 642
927 611
282 231
292 34
394 298
322 446
261 269
763 364
97 176
114 232
970 175
135 22
461 124
923 774
460 232
744 253
521 750
394 587
993 598
978 408
168 165
835 491
231 868
685 723
445 779
548 231
429 97
814 232
799 185
672 271
677 542
94 597
380 893
790 462
718 194
425 195
105 676
581 940
970 799
443 273
354 347
786 144
863 788
513 352
812 792
27 622
904 813
661 386
388 146
371 985
743 669
954 19
560 192
883 825
787 496
479 897
38 866
809 169
512 577
614 947
458 592
641 475
771 532
817 371
263 349
999 941
406 5
575 342
186 288
66 907
883 910
908 367
399 27
45 22
246 687
843 782
112 469
561 830
641 178
364 748
929 53
738 794
115 466
710 443
719 792
660 437
73 717
97 44
524 794
716 888
635 473
364 132
693 177
563 527
127 814
307 488
529 320
743 572
294 34
146 226
198 68
635 408
973 682
863 36
651 925
763 472
278 437
834 523
907 341
948 463
603 997
930 967
214 60
76 433
864 382
130 932
299 627
651 692
306 806
858 527
724 25
47 287
728 174
378 75
179 679
462 210
984 988
515 34
494 483
508 336
660 9
800 851
130 55
100 674
902 659
106 259
54 193
22 699
759 919
525 171
805 508
340 891
849 915
461 583
695 527
812 567
395 282
393 745
991 673
746 768
580 609
566 807
887 208
351 68
812 628
411 817
751 388
478 502
807 671
937 91
56 240
981 450
789 241
303 786
174 443
483 732
998 75
646 693
734 650
696 512
193 189
555 703
474 4
636 367
826 96
475 107
782 779
487 792
11 985
5 626
576 143
485 119
19 732
941 805
295 210
403 164
398 234
89 598
73 300
474 469
231 600
354 341
829 347
27 781
360 336
320 563
950 994
531 823
911 210
812 835
943 104
263 115
93 658
505 16
639 419
279 939
760 573
544 892
84 568
13 96
913 996
865 123
484 180
552 761
335 863
57 106
986 902
415 664
784 74
881 268
226 240
255 675
903 520
373 774
364 275
700 570
47 418
909 287
828 177
773 700
454 371
251 532
414 848
557 464
933 921
491 157
598 6
450 617
759 19
675 575
548 163
853 489
411 97
610 534
957 523
108 418
798 362
184 3
715 754
594 87
712 300
333 279
294 671
92 671
685 688
898 433
469 322
202 104
235 709
926 624
582 805
700 700
293 381
258 351
733 629
22 303
362 771
869 974
749 178
810 937
314 6
175 818
964 265
430 630
835 43
140 353
894 248
658 187
936 357
538 328
101 806
861 41
655 456
586 114
786 151
137 935
152 488
833 758
276 604
917 764
657 778
403 62
83 98
157 338
579 137
288 299
762 110
165 721
584 343
240 861
291 781
553 213
711 854
191 594
147 52
837 15
826 356
576 118
682 263
618 596
668 616
354 598
255 695
655 216
910 984
219 41
933 316
429 326
665 598
189 461
590 887
366 491
701 659
555 480
20 766
152 108
189 699
388 874
170 836
875 990
221 687
242 980
234 757
440 915
406 645
338 464
639 543
822 206
614 991
55 200
35 684
97 166
463 981
161 123
764 811
892 457
521 957
338 600
212 590
446 279
582 550
708 138
338 435
597 545
951 645
245 884
739 927
280 510
217 967
994 522
812 946
482 571
355 384
899 15
230 12
909 449
272 693
136 241
841 54
959 539
227 474
380 27
864 318
749 784
208 622
760 366
98 599
51 934
574 337
590 564
725 195
473 873
316 8
179 255
919 526
442 613
812 579
899 844
514 312
674 167
37 877
243 712
504 686
209 242
466 182
518 597
990 92
482 16
486 359
605 269
426 462
122 960
674 743
758 400
782 891
745 681
132 527
353 243
62 82
165 175
664 185
933 722
418 661
592 821
475 76
22 618
252 17
427 606
928 580
437 78
250 879
645 61
603 489
422 373
491 641
195 974
153 263
643 784
139 221
569 670
838 133
892 362
654 167
372 971
481 396
320 559
821 771
110 530
305 198
881 677
857 502
910 283
679 988
489 181
856 401
731 159
355 997
714 102
58 662
900 784
67 785
772 598
658 952
353 197
367 126
88 600
780 782
198 168
70 619
903 169
251 425
66 204
855 239
475 528
926 546
153 355
712 120
46 812
289 721
404 48
399 277
666 39
792 529
199 368
282 247
876 689
340 172
297 865
698 754
307 478
704 613
9 47
909 361
710 158
989 442
304 983
800 123
364 860
850 846
792 261
141 82
631 535
522 847
372 634
198 318
735 33
721 818
746 456
110 207
750 155
426 606
344 876
985 516
628 197
922 656
199 455
206 40
213 148
249 921
736 669
479 267
328 682
808 502
102 512
697 162
805 520
362 349
937 672
748 569
50 689
565 986
774 525
394 771
143 927
201 763
164 290
848 266
454 464
593 858
331 294
440 558
905 396
957 682
372 17
167 917
931 66
230 898
855 340
740 891
765 267
774 626
311 149
794 614
855 637
111 944
647 341
660 229
184 735
283 213
670 534
134 296
907 260
858 594
357 793
417 835
294 753
674 963
240 51
123 509
247 359
406 600
255 625
923 50
279 307
25 549
230 172
4 15
652 285
839 424
478 539
37 346
462 873
841 381
605 279
245 583
963 349
652 811
580 881
192 699
914 241
13 945
928 188
431 538
715 391
421 6
88 356
242 345
901 217
876 201
409 170
883 418
803 614
621 696
785 430
943 949
227 344
235 432
695 224
901 557
367 802
672 892
521 33
829 68
53 40
690 510
704 566
767 586
61 392
257 986
534 836
800 848
830 501
209 424
915 232
975 208
931 23
530 105
929 614
767 330
593 740
874 33
56 284
797 721
948 7
862 331
489 708
30 175
500 140
879 209
849 425
855 223
182 180
876 986
906 20
316 466
923 540
437 985
46 983
55 389
260 792
511 625
977 730
910 173
410 104
765 360
701 64
918 227
144 810
331 171
454 964
506 211
355 203
316 626
596 465
82 580
636 885
549 876
326 969
678 116
587 477
293 164
248 893
237 5
213 704
417 105
171 1
970 511
546 970
421 608
588 233
414 663
591 339
786 432
42 736
64 172
740 688
182 149
744 460
520 467
770 265
850 397
575 379
868 771
688 992
153 732
430 100
612 64
746 292
186 714
225 262
760 61
561 347
252 700
115 279
814 128
646 289
470 103
262 656
43 335
461 451
901 735
542 749
125 990
772 790
1 249
295 649
501 2
201 595
821 989
567 575
944 941
709 516
950 319
800 573
25 293
914 47
142 559
709 653
256 942
424 318
457 424
943 924
45 847
51 957
851 787
354 478
129 677
823 8
927 273
918 875
869 872
425 911
280 480
528 946
991 720
737 403
331 16
551 551
840 349
301 136
441 149
790 633
534 74
208 280
946 534
99 943
124 896
792 550
66 90
655 431
544 584
810 564
466 261
177 504
66 554
128 353
914 255
230 556
104 653
171 160
804 643
478 763
208 543
617 368
387 279
774 766
646 831
731 456
868 780
41 445
916 799
37 484
854 384
409 466
471 137
695 522
847 831
852 283
562 405
970 504
32 406
726 803
361 222
764 397
976 922
62 764
44 482
416 140
491 937
995 290
253 967
269 665
894 821
844 358
554 436
948 222
242 257
224 499
185 518
510 326
296 233
282 212
348 85
362 831
951 598
823 546
637 901
236 350
771 110
267 530
543 483
464 450
72 948
254 739
410 401
367 377
823 526
295 593
304 543
146 510
507 539
181 849
510 595
250 199
377 829
815 976
712 36
163 233
449 818
335 104
180 24
241 834
853 45
172 37
256 973
152 230
231 953
605 572
699 691
916 268
397 621
730 848
674 821
930 892
675 744
948 556
706 335
104 379
603 470
801 218
702 655
999 953
247 103
666 85
523 233
839 564
627 55
75 558
715 939
653 328
336 215
322 990
983 962
35 484
129 140
388 252
250 376
832 260
391 950
252 164
490 206
477 974
522 247
354 860
152 250
717 930
201 515
823 91
75 453
935 381
351 873
857 128
634 692
54 870
311 832
584 895
775 697
563 160
241 265
886 205
41 296
205 853
625 918
583 273
380 614
863 552
860 957
874 966
498 36
513 5
835 978
167 578
957 668
918 131
528 785
613 960
462 412
675 854
129 918
335 512
634 648
90 581
62 620
175 815
21 416
846 152
320 478
943 370
974 378
270 258
958 915
52 277
107 218
316 847
999 569
261 760
424 671
188 778
846 59
327 483
619 350
55 678
243 311
946 935
476 667
869 698
102 278
873 898
911 945
115 325
360 682
295 351
381 160
917 677
698 588
530 954
401 350
145 204
757 332
633 635
150 746
866 292
577 244
32 433
334 780
967 580
830 493
538 449
84 164
135 990
543 216
967 106
513 334
232 85
413 442
193 720
540 788
856 350
244 849
992 596
871 787
184 828
364 419
327 856
87 90
123 679
811 287
650 811
14 13
868 749
757 618
207 554
85 177
864 814
790 98
544 772
417 997
535 712
418 138
660 794
510 574
534 775
376 340
850 770
544 210
773 460
987 13
33 82
315 949
372 741
156 281
903 41
218 857
498 748
409 198
194 687
589 800
17 11
891 345
264 117
161 261
66 365
292 573
523 331
896 278
358 742
649 595
508 658
831 455
295 31
979 161
164 696
781 197
694 762
590 525
473 280
276 343
506 366
908 92
172 620
236 213
565 985
63 923
842 247
378 109
100 733
654 746
238 157
60 518
167 641
563 713
339 697
993 799
801 242
360 801
935 683
394 619
420 451
699 562
210 823
784 463
646 159
560 495
912 54
555 769
551 931
370 393
54 455
421 224
852 928
799 612
613 775
832 725
508 332
573 110
708 553
827 444
586 389
968 846
457 869
314 74
619 271
740 166
740 241
456 413
343 209
689 397
733 424
763 359
231 875
659 139
343 813
681 818
466 430
282 956
291 134
769 364
976 883
170 804
845 96
299 87
325 432
89 907
447 403
767 235
658 257
98 871
127 708
597 4
496 201
852 114
558 425
409 906
662 263
506 237
837 383
944 985
353 597
814 716
19 345
148 641
514 460
890 310
289 247
614 449
473 566
124 774
303 948
305 252
27 476
914 699
125 252
734 190
891 101
664 923
149 101
146 340
800 694
88 567
110 219
184 185
231 440
975 640
237 161
266 157
104 12
422 786
623 258
112 555
53 172
682 26
218 496
979 344
377 14
604 622
213 453
682 608
627 34
177 314
198 750
917 58
546 299
525 790
11 739
970 795
483 156
349 877
742 508
63 949
284 750
379 122
36 246
640 257
613 22
867 646
46 191
46 272
445 919
503 894
6 663
813 990
537 794
608 459
136 473
576 776
88 800
918 424
441 656
833 153
331 537
590 484
633 255
621 980
917 329
771 39
978 611
134 416
783 444
973 727
746 302
519 312
662 394
216 362
857 349
499 160
706 565
6 801
196 469
702 918
766 560
4 586
566 271
260 491
914 824
476 346
73 288
691 618
963 701
391 249
306 797
492 565
107 51
40 152
704 218
571 104
396 702
334 438
417 53
989 705
900 658
908 2
562 718
650 316
406 226
876 645
135 425
860 120
110 564
499 43
61 577
996 951
475 437
940 808
517 74
802 476
429 656
152 435
721 799
959 812
992 840
852 575
653 814
616 384
400 141
234 527
569 699
595 235
338 625
409 563
898 839
282 984
517 780
675 578
355 757
464 832
885 238
136 523
179 423
675 319
199 711
294 589
660 996
71 236
188 161
538 78
730 674
741 295
702 6
228 907
556 537
425 489
696 113
374 346
189 413
972 469
198 884
499 13
224 410
858 750
185 21
426 379
484 806
178 103
371 42
451 795
993 916
58 288
18 815
255 292
447 608
909 850
517 238
466 188
639 886
553 459
947 447
608 401
935 619
250 662
374 831
987 642
604 104
176 956
90 531
230 74
312 630
854 819
226 455
930 231
360 81
413 735
167 411
590 584
442 763
65 430
823 478
807 351
414 84
86 123
869 770
651 671
360 983
28 862
768 778
748 883
634 746
758 233
358 448
597 762
176 499
879 109
40 945
681 845
852 666
37 117
943 191
996 598
858 901
262 399
897 977
601 975
89 534
381 90
105 758
573 839
93 516
653 731
945 887
365 141
734 157
30 899
296 551
503 54
544 544
667 343
852 715
826 972
565 67
923 995
267 466
448 930
7 926
712 368
389 476
286 225
687 922
436 428
162 1
795 241
684 140
164 927
903 69
902 231
360 623
933 554
920 464
940 30
309 220
280 994
763 624
678 730
106 748
318 118
982 402
394 375
944 505
484 207
69 571
310 560
218 333
115 537
753 195
297 109
978 561
730 842
725 362
957 875
593 582
216 315
167 19
726 606
823 625
826 514
426 61
26 440
458 762
787 15
455 958
409 540
256 280
671 858
7 515
272 68
83 461
883 218
117 233
318 772
839 452
644 764
832 280
954 455
635 514
430 787
170 292
894 818
273 758
611 639
661 309
917 513
202 861
360 384
488 148
775 209
964 916
922 136
20 162
73 116
681 654
21 373
639 940
86 716
628 585
42 154
508 794
343 201
748 98
821 251
939 599
363 340
298 582
751 120
170 568
252 503
908 623
470 54
741 46
331 402
196 415
707 516
587 534
182 671
940 774
970 278
185 598
31 725
160 371
34 899
467 995
846 98
199 678
446 472
155 503
486 842
648 972
533 720
769 368
118 547
7 351
317 115
987 544
708 229
788 636
165 899
518 149
476 643
528 691
97 434
477 31
884 383
111 890
720 123
822 470
668 838
343 261
564 143
594 556
981 132
129 477
542 15
3 404
308 614
642 970
497 235
335 87
556 248
422 964
346 896
44 774
896 308
617 648
744 386
923 940
965 739
975 84
10 116
191 342
460 575
662 581
474 206
430 771
868 723
693 175
702 279
620 836
889 496
124 533
244 922
792 392
587 760
262 122
816 601
3 247
94 274
287 88
70 920
756 984
547 309
383 115
78 216
415 189
654 11
881 589
806 519
425 218
794 132
908 252
615 25
396 207
369 371
945 551
574 137
665 752
506 317
752 318
810 338
946 799
244 167
327 736
485 958
968 135
580 726
298 312
326 220
383 582
768 549
171 536
8 29
451 63
453 105
901 45
358 444
903 177
157 957
309 252
310 964
95 409
517 517
405 230
538 602
836 406
77 991
154 834
827 562
85 15
613 935
641 43
279 216
865 185
272 338
810 356
495 37
10 107
792 392
276 629
481 238
382 436
517 498
672 910
372 855
297 809
149 343
530 117
137 222
288 136
418 960
615 311
665 781
294 517
854 59
348 861
529 257
258 529
777 532
415 867
578 288
216 855
447 589
204 291
24 524
528 255
942 943
502 569
969 120
760 423
533 774
426 107
49 552
751 570
935 307
362 164
982 723
589 370
523 939
948 798
242 82
365 469
139 378
721 102
93 15
883 587
916 732
194 824
845 46
473 658
277 208
651 613
121 144
498 166
361 708
206 527
408 322
121 775
3 11
670 767
150 746
174 112
704 521
4 922
709 974
830 540
491 451
526 620
592 90
788 554
874 428
685 277
70 148
156 725
32 759
832 268
674 50
23 43
966 496
103 555
275 940
640 581
982 794
56 779
712 78
437 581
857 310
621 925
259 71
474 961
767 675
165 701
139 683
75 875
443 399
925 511
599 20
64 162
288 314
663 92
17 525
564 528
697 686
109 428
284 825
541 846
211 696
741 505
454 63
101 192
940 423
622 824
764 325
530 30
848 195
98 789
550 259
241 901
987 698
473 278
237 28
502 76
620 370
82 785
600 115
753 721
522 943
817 157
703 45
344 377
833 575
43 167
266 750
285 106
261 993
163 152
788 883
975 770
187 943
980 20
23 826
365 251
888 605
212 810
647 587
416 955
922 877
29 497
411 267
474 117
612 835
682 809
256 824
69 978
215 163
606 528
486 7
739 762
898 781
318 18
708 927
727 906
72 805
930 610
254 513
429 994
947 834
269 761
57 976
627 988
399 521
25 401
522 913
671 786
649 77
850 946
299 917
476 797
346 462
501 587
228 49
856 843
122 32
994 950
23 494
398 180
132 793
454 925
641 886
572 991
66 163
932 411
340 320
982 61
641 592
969 177
417 742
863 157
46 803
310 155
728 43
152 339
292 417
730 522
591 181
180 56
612 75
917 196
969 988
144 379
760 648
347 306
310 92
616 331
694 300
538 450
732 214
643 619
146 754
897 824
181 801
227 419
830 87
443 681
995 784
676 548
148 602
109 524
967 738
852 843
206 87
390 403
356 990
80 588
844 873
204 93
932 142
438 258
711 597
106 484
522 302
943 642
952 776
531 561
157 215
813 46
830 36
383 179
537 633
236 489
93 281
409 98
357 160
130 125
783 879
61 672
569 166
538 666
37 925
656 878
900 941
657 223
909 306
84 885
386 497
47 101
303 687
949 821
19 745
2 401
41 123
10 386
902 220
634 421
225 662
216 950
556 704
56 665
250 649
828 134
949 313
460 927
234 63
678 728
552 837
775 116
594 830
7 704
690 985
462 943
474 769
525 232
881 610
334 18
248 994
337 302
724 448
369 456
118 557
664 869
737 151
618 18
651 418
546 808
701 751
653 751
932 597
498 934
395 108
542 663
688 346
125 379
159 334
526 972
295 557
160 507
644 991
329 469
380 875
531 568
908 839
467 313
626 154
720 309
538 470
435 929
319 485
507 503
21 523
201 962
227 756
709 15
116 671
699 483
230 507
226 382
842 686
37 647
364 18
685 275
986 214
912 337
877 154
239 601
643 459
298 838
2 210
557 889
673 854
796 971
538 263
484 676
495 911
674 298
954 284
662 775
4 867
13 132
873 294
749 282
815 734
952 347
984 97
466 212
357 802
857 313
811 860
626 920
753 201
766 989
149 455
67 425
745 206
356 837
732 601
39 533
359 982
995 596
250 642
570 317
166 983
95 726
645 983
417 531
513 131
162 445
911 745
774 314
305 429
238 891
705 147
954 919
941 242
9 818
904 86
901 477
323 734
577 55
133 50
269 925
179 564
162 217
851 530
774 202
793 133
145 918
395 757
135 953
311 276
458 671
755 205
460 953
982 905
296 227
12 260
60 90
840 306
778 160
834 260
764 810
742 580
928 830
33 16
122 363
161 206
769 927
589 697
755 420
930 899
257 156
754 571
127 582
73 807
500 678
614 58
198 988
887 491
932 249
173 254
878 194
311 690
614 639
123 657
865 731
682 556
327 761
100 153
397 950
285 698
777 658
588 69
130 370
19 719
475 337
162 574
229 140
444 37
540 581
906 163
109 943
488 382
151 948
667 706
612 651
928 317
421 874
32 488
627 210
966 482
118 889
407 537
915 75
722 856
715 342
465 744
966 589
334 256
972 112
148 117
303 647
247 799
503 794
172 774
46 947
117 42
760 404
186 675
785 235
201 815
238 935
38 118
835 931
48 673
376 126
116 566
347 45
985 709
719 679
939 955
452 257
584 523
668 216
453 68
161 672
408 554
170 54
122 619
707 707
898 734
311 517
896 445
305 124
887 2
441 606
638 196
797 436
513 992
870 553
699 227
139 702
8 851
349 132
524 890
804 299
825 413
682 247
883 454
255 298
921 1
237 108
536 997
304 837
615 982
637 975
550 880
340 525
655 986
141 661
280 18
170 887
149 518
94 128
282 422
650 744
628 680
939 616
826 393
545 890
874 508
22 26
932 550
205 928
683 570
296 331
783 77
538 203
328 954
916 432
921 621
233 746
765 602
638 693
409 793
266 83
37 213
639 77
686 199
552 879
65 903
340 747
524 44
231 536
519 953
98 371
626 578
605 669
387 77
898 185
485 861
158 467
482 355
662 288
957 774
419 708
182 578
890 347
30 401
119 670
510 34
207 205
808 374
119 974
529 556
64 537
366 207
860 263
773 474
629 621
814 28
541 9
800 557
872 915
431 60
725 354
528 523
7 685
771 366
843 617
639 289
399 169
763 245
796 677
399 84
584 577
769 599
917 526
603 914
116 556
936 476
876 147
356 388
231 789
828 526
462 81
490 916
575 418
338 849
644 353
100 103
308 431
714 392
710 724
524 6
927 216
129 337
97 969
117 811
97 454
41 549
678 9
805 402
829 104
684 887
997 710
841 674
514 830
625 343
47 762
636 93
175 131
126 78
764 30
259 989
91 849
432 572
577 205
213 926
110 805
480 819
567 803
259 463
116 963
521 415
167 180
318 375
606 465
432 53
44 816
992 3
920 542
663 75
356 371
487 687
84 692
894 725
349 594
719 343
706 570
638 425
976 79
612 402
726 565
524 184
183 148
663 95
375 641
645 677
193 722
979 792
432 490
511 220
173 314
896 43
890 202
245 852
112 179
880 559
818 391
82 130
594 473
887 865
428 351
549 726
429 329
54 650
808 972
245 729
407 705
92 634
178 513
439 647
568 534
110 321
256 642
764 715
796 69
471 593
650 230
931 731
849 169
681 593
393 920
637 474
495 837
768 239
888 591
595 920
679 103
971 409
549 519
700 931
910 759
331 176
444 586
832 389
695 675
589 355
639 691
30 689
154 157
279 157
250 157
745 152
322 526
421 330
284 602
611 345
625 35
336 960
975 886
149 138
856 449
111 317
763 291
838 874
923 330
208 428
278 347
770 793
923 394
24 246
620 988
437 283
286 326
570 440
829 683
975 413
508 608
806 909
535 290
35 400
77 666
914 936
846 829
122 651
627 93
646 602
786 671
184 2
624 338
900 696
796 590
803 158
622 353
101 225
587 28
558 753
818 563
38 884
621 273
241 520
727 586
363 764
702 517
356 568
716 349
806 381
750 134
225 882
724 258
10 297
235 591
86 169
47 39
985 431
281 518
993 690
126 936
115 780
817 499
421 265
905 58
527 833
275 50
478 126
520 536
23 769
639 996
629 693
669 444
835 937
213 445
329 525
755 892
229 70
393 276
964 38
137 688
169 70
666 349
987 148
468 197
25 783
548 465
482 223
928 936
896 145
918 759
78 704
415 645
484 653
61 98
14 888
613 423
166 40
239 991
56 936
953 289
292 914
668 500
125 348
546 782
601 921
336 377
483 12
561 584
23 896
709 861
440 113
536 984
90 312
314 40
552 232
307 477
358 714
531 865
31 896
568 513
778 632
724 358
172 37
312 753
526 616
885 58
292 981
455 604
814 453
970 796
661 827
102 811
9 723
30 346
865 932
849 279
213 706
589 942
518 807
583 846
463 62
289 887
742 382
867 178
311 617
626 840
43 171
88 580
614 516
48 344
410 855
817 604
410 728
858 136
515 686
426 499
316 34
680 101
824 161
165 376
603 360
510 39
346 223
311 367
135 476
458 445
889 479
601 186
64 593
574 373
715 99
146 423
298 234
376 502
76 802
23 55
860 30
957 632
232 368
523 262
783 422
399 743
989 489
772 721
141 349
983 220
747 981
95 201
794 375
347 256
547 917
967 346
680 884
402 210
500 896
995 654
522 324
217 709
97 238
687 681
330 350
726 694
337 196
629 196
174 765
466 264
77 383
676 168
683 180
156 395
426 591
641 379
561 702
930 669
419 457
848 599
844 333
905 868
899 6
335 350
206 604
704 939
36 875
556 839
979 908
38 571
384 206
452 146
317 311
896 96
501 290
385 476
131 207
377 92
576 403
810 302
628 405
954 679
884 287
994 118
379 199
467 853
279 533
440 13
78 171
554 75
999 630
272 809
406 680
1 502
120 92
650 491
873 796
349 923
824 339
956 818
389 154
218 561
862 919
869 433
666 144
39 964
310 69
377 317
101 858
185 165
847 487
660 276
203 999
104 468
664 142
950 791
646 127
357 556
32 299
792 921
316 735
437 864
567 62
94 569
405 173
445 772
729 738
5 773
389 431
616 680
483 674
547 278
863 173
668 666
981 25
189 222
271 658
770 578
643 245
284 390
760 970
153 370
47 802
956 781
317 426
130 692
469 709
141 343
544 146
383 254
333 891
282 712
631 635
791 816
783 246
610 499
159 795
202 492
658 744
757 628
821 797
520 799
871 255
187 950
171 359
969 473
60 498
310 175
521 567
902 363
919 375
405 700
586 161
487 704
39 775
719 705
554 251
986 620
743 245
876 621
331 383
459 616
625 886
355 513
365 737
449 605
447 259
830 517
396 72
206 974
334 379
606 824
574 26
126 310
325 111
657 641
629 9
918 253
511 205
652 626
33 488
136 251
388 145
944 431
197 363
554 855
47 673
478 434
37 473
320 26
161 491
45 847
523 745
998 982
296 33
969 111
919 917
911 381
800 296
827 189
32 449
208 650
321 78
245 387
667 378
385 242
394 801
734 119
263 37
685 321
804 727
720 373
99 823
606 71
205 732
679 870
155 312
208 892
842 842
921 367
163 776
86 946
960 704
976 598
732 146
906 535
358 314
641 438
231 406
349 527
2 394
88 817
879 662
753 514
987 194
370 745
756 513
884 283
769 245
721 296
774 430
164 62
88 325
380 767
845 400
477 999
454 468
366 346
367 885
249 360
354 756
242 109
990 119
722 934
5 862
522 643
585 36
775 220
382 354
764 959
142 883
605 305
297 378
817 575
508 312
724 170
960 207
881 240
10 774
6 374
231 657
862 779
128 112
368 226
897 820
379 405
592 249
360 915
744 16
743 78
527 579
420 4
571 274
196 157
12 223
696 922
521 713
555 813
636 939
975 681
423 792
780 940
257 707
930 817
756 559
938 366
844 826
506 357
328 669
883 190
172 798
534 509
529 824
830 363
604 680
538 253
935 456
694 925
352 808
903 560
637 615
531 948
140 335
682 746
68 588
176 41
288 884
393 580
488 547
249 467
353 784
305 139
461 866
175 230
952 702
657 427
421 476
381 165
875 69
495 64
137 97
681 2
604 677
134 728
295 886
558 15
307 827
828 705
719 923
548 743
213 445
190 263
509 477
196 47
389 440
324 936
860 329
208 479
297 39
69 547
795 386
720 469
731 728
598 118
254 269
47 502
210 178
309 49
618 895
249 114
118 725
352 345
416 203
422 259
809 658
895 305
689 408
91 135
351 239
795 322
88 296
531 564
441 977
226 712
257 760
440 523
559 548
738 531
934 392
734 196
203 764
683 581
627 68
853 259
17 527
445 731
951 406
443 427
707 491
22 606
110 477
990 737
562 309
617 766
183 77
207 788
12 162
193 57
450 284
157 644
858 254
439 474
444 628
907 976
352 220
96 996
377 386
992 777
296 784
753 320
2 727
198 134
996 24
444 209
628 801
949 301
453 361
723 664
660 561
158 400
321 649
181 350
273 718
230 77
867 160
321 233
638 306
152 814
292 342
941 851
865 396
47 908
275 551
221 550
493 28
388 108
961 117
193 902
815 8
654 947
16 679
969 613
811 823
126 989
768 606
472 645
702 961
973 269
358 246
775 383
120 953
207 389
31 241
933 454
223 163
473 378
187 235
14 211
531 129
970 113
135 205
762 651
19 764
466 108
980 656
866 665
2 877
743 887
5 495
46 574
798 691
411 276
598 714
788 864
565 760
683 818
464 558
498 197
240 279
205 165
140 18
508 340
202 30
275 811
493 906
606 185
643 571
436 752
554 607
940 636
213 198
568 293
40 872
547 200
270 243
377 968
714 989
245 732
70 873
138 767
453 296
442 268
541 308
259 642
558 186
699 471
112 220
470 869
73 788
119 338
980 540
268 444
971 146
621 35
573 383
513 310
296 619
67 44
852 483
60 524
76 958
18 152
160 759
942 396
426 923
190 488
318 978
745 202
772 777
53 926
104 468
875 15
863 891
433 222
433 190
50 830
656 580
536 226
925 29
645 896
336 756
301 241
807 859
799 565
22 128
219 688
811 419
721 963
343 582
667 339
201 935
728 879
947 807
382 429
807 840
662 559
286 608
176 749
709 948
929 237
900 585
367 405
794 365
624 196
52 973
711 288
115 839
842 895
284 409
576 847
670 988
289 149
702 376
943 457
790 37
752 898
722 451
999 965
460 594
367 570
646 142
783 381
606 961
664 751
257 864
846 531
393 910
542 125
299 182
37 262
947 713
53 788
715 405
597 382
685 271
644 381
94 392
503 731
97 784
534 967
593 416
579 702
611 835
277 364
303 897
147 677
643 166
352 242
140 631
234 760
398 558
660 52
314 173
477 160
309 587
888 647
853 271
805 448
438 607
547 252
246 665
753 657
682 60
658 63
843 105
321 615
310 943
465 309
996 110
366 54
705 9
205 61
559 713
71 626
972 576
757 314
617 510
600 453
292 56
426 643
49 236
166 35
234 814
583 434
210 549
939 778
542 257
229 628
211 448
90 956
636 773
172 753
721 431
931 14
337 822
508 380
460 445
232 471
132 762
229 676
833 902
600 786
944 817
142 660
341 105
47 355
550 97
283 494
130 349
446 617
417 857
259 254
528 370
651 923
398 100
992 918
984 470
55 319
856 94
406 526
981 972
246 452
294 804
370 755
465 261
187 440
339 506
149 492
11 6
156 699
573 817
583 988
647 564
639 235
483 793
270 945
810 337
956 265
70 280
752 495
672 41
766 17
881 808
74 288
911 472
71 959
273 598
707 935
207 622
586 432
941 125
985 91
742 63
593 250
950 215
312 481
980 453
200 859
717 240
480 154
869 456
711 511
143 563
579 39
381 316
363 69
45 104
900 157
311 208
102 448
124 539
955 975
210 142
133 420
485 480
577 271
315 827
432 334
106 54
523 288
29 54
673 54
266 412
176 661
268 564
175 926
236 153
102 540
539 610
27 4
897 557
715 783
324 883
194 227
939 149
166 236
251 538
972 519
251 723
859 811
774 793
201 737
434 40
854 936
737 551
616 673
974 29
872 168
180 157
284 770
544 927
608 417
453 474
246 851
205 413
839 921
559 941
578 398
159 247
394 41
380 396
550 212
180 959
967 289
725 394
267 887
542 223
96 289
61 527
627 117
175 194
481 533
615 738
775 860
184 983
341 214
180 354
960 159
360 328
118 695
60 142
485 110
774 165
373 117
256 528
264 106
681 607
14 301
220 411
514 670
19 142
576 447
940 601
591 780
323 563
722 464
307 251
57 171
264 354
52 519
384 144
971 46
692 3
689 601
802 156
495 66
902 710
218 99
205 135
414 936
953 172
470 299
366 689
571 46
990 456
59 348
652 153
831 223
137 855
346 459
86 25
713 930
321 831
709 661
233 333
470 320
441 757
525 11
518 868
890 329
894 508
763 76
632 955
147 680
58 563
534 650
804 427
202 999
28 663
110 605
745 274
456 187
213 958
510 745
989 162
425 947
577 312
555 617
247 147
711 62
745 860
550 41
879 246
492 399
672 428
572 201
762 116
630 225
187 119
63 219
392 451
820 848
85 630
606 76
420 489
865 787
223 955
362 485
743 181
199 205
72 584
782 351
942 430
779 97
24 537
485 751
759 706
259 603
901 988
580 216
354 525
648 540
943 263
304 233
164 688
939 702
871 310
298 231
569 431
923 113
233 472
171 728
274 8
641 809
120 624
383 346
845 233
356 382
588 779
211 337
109 167
380 577
287 982
600 206
729 868
859 593
94 938
476 221
565 927
775 957
600 493
573 220
720 40
529 363
670 339
443 164
758 724
289 876
893 49
872 982
697 205
484 564
400 272
823 899
719 800
831 401
173 613
924 763
234 847
813 964
263 758
151 920
306 585
549 590
536 341
408 371
258 191
793 183
232 277
414 394
933 855
781 245
37 748
867 624
67 987
201 847
329 211
478 568
475 114
178 760
596 418
130 238
838 545
575 213
912 689
76 416
262 660
997 439
438 993
329 884
953 67
846 275
170 106
330 104
327 528
39 745
521 377
845 556
12 786
788 216
983 58
106 437
35 613
909 2
815 579
529 846
764 44
799 570
388 651
489 938
947 828
634 584
463 128
402 267
180 427
865 420
531 195
465 329
824 548
154 983
395 374
194 409
777 713
555 551
348 433
659 732
657 7
745 56
949 181
363 919
961 252
423 979
223 249
331 648
167 959
452 831
301 615
499 901
97 133
12 578
854 555
21 277
97 878
97 685
780 767
703 983
265 301
824 877
166 884
3 987
687 126
927 924
964 615
470 490
14 589
11 946
321 884
663 523
527 618
249 769
61 179
597 762
349 717
453 340
472 403
477 936
606 737
176 15
520 698
264 830
496 269
97 199
785 241
328 853
219 123
228 551
323 182
633 862
553 653
861 967
211 91
431 118
997 205
858 803
632 297
649 450
880 797
414 271
62 581
105 410
204 860
480 190
684 636
582 704
983 364
54 568
54 972
283 458
724 56
127 533
474 166
445 504
719 949
26 975
667 783
332 244
710 632
374 767
927 928
817 190
373 834
945 410
678 244
402 811
366 911
222 672
65 972
817 755
319 619
621 849
983 590
709 260
611 539
281 388
636 783
124 725
750 410
313 295
59 687
519 265
548 436
963 425
339 550
805 378
83 567
535 521
223 234
604 698
763 179
79 688
761 913
931 543
821 992
450 474
990 309
327 945
496 748
258 146
7 801
871 876
267 989
517 450
221 108
779 140
212 385
448 155
732 186
712 947
193 705
506 801
424 708
932 278
985 757
612 358
511 412
283 87
104 81
191 920
527 472
166 504
613 630
540 853
173 847
670 182
51 835
813 903
662 896
132 5
409 139
193 916
650 535
268 189
242 449
54 263
464 173
910 94
392 480
654 823
532 29
230 887
975 719
979 743
100 866
948 401
300 641
198 899
695 908
394 462
49 638
565 398
880 81
852 251
608 386
370 368
383 425
556 400
851 148
780 511
657 733
67 77
887 912
543 706
165 608
328 702
197 403
714 454
965 502
398 270
240 662
688 425
153 625
912 561
952 462
399 756
645 74
386 281
497 845
250 987
264 420
788 907
116 559
634 803
8 604
451 718
157 586
97 962
504 919
934 16
101 788
141 579
589 257
462 231
829 833
358 568
211 808
530 333
466 899
72 337
196 439
326 579
606 454
637 65
679 875
813 523
23 581
812 760
320 706
328 52
730 266
44 817
93 489
805 791
562 543
589 248
87 666
232 65
155 718
412 325
967 685
547 63
598 29
234 64
293 969
958 575
303 818
178 126
929 202
318 860
748 592
2 291
644 74
891 852
473 685
225 456
760 937
343 282
593 791
225 232
554 124
441 152
260 71
404 295
656 596
102 815
782 519
631 812
918 754
707 687
15 203
61 955
63 877
915 138
849 928
989 64
209 746
46 639
770 619
523 138
280 945
306 658
544 522
808 523
683 562
362 37
525 753
992 121
333 374
403 997
133 488
673 238
426 870
199 199
492 134
642 220
435 34
476 422
686 941
291 20
184 121
798 189
546 380
413 418
300 507
690 37
671 15
912 524
984 945
374 341
831 38
93 604
441 977
51 224
129 575
373 84
220 931
317 705
955 859
971 689
227 714
670 828
568 488
675 338
800 181
223 523
52 731
319 137
566 562
675 920
107 723
101 11
54 219
451 501
203 644
95 978
747 342
218 800
231 310
469 341
606 10
732 217
585 961
515 69
761 723
27 221
236 240
679 401
557 515
412 981
786 810
569 242
800 695
11 333
603 594
809 527
466 162
601 914
802 37
115 670
562 331
624 255
892 643
505 810
831 791
442 427
524 828
722 354
408 541
207 539
711 64
841 871
430 542
567 53
553 359
978 197
54 946
112 538
952 188
636 915
130 676
481 219
986 693
799 768
119 399
286 112
26 442
771 520
506 569
876 314
847 679
638 195
685 681
334 41
757 57
762 72
538 121
493 288
60 312
473 116
666 294
607 264
535 685
920 509
723 554
30 439
695 202
283 572
607 64
30 204
248 250
114 624
530 341
989 604
385 93
808 450
623 387
940 51
856 341
173 738
684 475
595 877
789 836
993 359
467 18
160 670
706 692
81 195
783 947
4 835
411 352
133 128
421 932
675 414
855 71
729 11
36 428
70 45
478 327
50 148
781 210
992 797
421 57
437 240
223 334
65 827
962 256
78 797
261 354
764 247
309 378
859 302
54 271
512 731
111 814
191 414
345 464
365 104
735 803
24 979
873 325
933 943
694 745
845 640
820 140
799 658
203 229
213 403
352 896
590 438
53 103
467 863
218 85
316 82
981 891
28 170
852 750
497 197
1 349
556 207
525 894
454 560
995 532
10 318
679 729
213 788
953 599
994 132
286 436
458 522
478 24
66 112
371 832
59 937
468 358
674 612
882 201
946 514
857 517
872 176
378 84
664 456
358 495
254 941
588 314
780 618
841 586
398 80
158 868
918 591
890 184
253 377
232 950
245 321
345 639
450 480
467 900
309 425
615 554
245 207
106 971
62 613
43 825
613 584
691 743
471 808
56 480
591 797
93 353
576 384
661 292
813 512
748 646
228 92
118 317
633 958
354 396
104 53
142 612
839 716
349 759
825 389
56 768
753 161
763 467
194 963
159 756
509 431
717 142
958 660
39 166
255 195
681 277
269 331
15 714
583 22
349 430
38 95
175 814
223 460
668 439
95 304
798 399
563 313
454 730
808 566
556 101
571 558
884 971
46 832
969 733
222 292
922 492
102 629
897 653
927 550
922 44
116 78
467 916
544 57
883 542
324 26
362 415
594 831
789 397
198 935
512 592
771 248
992 925
35 148
129 522
110 466
62 485
801 586
217 391
328 439
156 171
91 510
148 92
306 41
636 62
71 95
841 617
807 336
907 212
830 184
66 130
144 948
190 240
852 200
395 373
815 883
954 874
532 295
912 968
837 710
159 239
262 35
809 999
633 594
521 786
599 976
997 566
470 866
495 81
851 822
104 906
32 2
28 337
457 331
834 973
744 227
484 727
2 884
883 761
857 75
575 148
776 114
406 301
26 778
713 79
361 766
55 53
600 102
684 708
66 438
776 597
83 605
248 47
543 949
580 461
376 420
404 886
172 675
72 622
690 424
502 206
188 681
550 435
977 518
636 342
112 199
183 861
295 723
896 86
23 786
465 627
70 319
669 431
540 792
578 745
931 717
806 126
994 892
297 245
466 635
106 657
928 921
8 58
295 831
202 293
215 530
295 760
363 798
901 667
422 772
874 839
938 160
979 215
203 838
936 864
373 449
646 622
753 561
540 354
22 546
613 981
793 294
124 232
436 376
370 849
607 189
724 179
920 277
467 999
997 926
354 487
16 901
899 940
255 212
405 475
426 57
664 164
75 417
463 746
450 727
604 506
336 339
92 3
313 981
399 967
466 796
189 900
297 101
142 859
138 44
373 262
827 370
7 972
785 451
373 26
74 605
55 412
932 367
620 632
105 46
350 491
78 329
642 427
173 211
745 331
819 357
764 945
386 84
419 39
788 544
333 61
940 233
624 496
933 317
141 105
41 852
936 177
346 176
405 166
936 246
856 241
703 706
210 337
164 77
675 700
405 623
841 67
800 561
224 795
890 388
472 670
700 691
294 115
945 485
3 806
989 970
847 770
399 918
519 265
569 887
15 807
219 422
415 868
117 938
794 494
29 972
532 345
459 890
369 352
517 373
562 881
975 490
188 594
180 680
278 77
580 422
994 441
98 447
720 516
723 799
865 195
695 620
650 827
50 373
212 966
689 136
49 117
687 32
44 474
377 696
762 927
703 447
553 909
706 19
523 665
858 431
243 193
561 45
847 848
392 995
332 588
489 399
927 164
439 154
869 294
290 933
102 200
415 85
380 29
956 730
647 406
642 212
149 186
616 321
327 614
542 41
182 414
353 974
951 958
12 303
765 666
567 859
558 472
320 326
220 497
826 721
152 600
817 128
671 667
402 9
879 598
530 18
912 66
96 98
249 795
162 15
305 272
799 670
730 375
846 963
51 778
448 452
691 998
462 450
125 234
922 962
771 882
310 833
782 334
434 948
244 874
928 927
142 940
214 173
837 218
75 164
239 570
909 127
48 421
887 458
356 648
967 169
376 832
258 187
1 383
830 239
898 387
314 447
253 223
157 386
165 741
950 227
203 19
379 194
296 490
972 901
609 185
520 731
489 250
422 306
88 379
664 82
25 741
906 602
965 635
406 632
545 431
463 722
927 88
257 424
764 416
593 78
777 608
400 981
189 856
101 601
79 432
944 956
828 693
694 231
901 162
818 552
308 933
267 266
692 475
859 23
533 755
343 371
569 913
225 455
369 830
433 574
594 578
671 260
795 864
67 911
711 566
69 365
281 333
276 955
178 974
58 314
13 95
290 746
16 472
788 170
584 565
493 620
936 324
740 759
18 720
411 287
994 577
196 57
354 559
467 129
538 632
46 373
676 292
387 98
163 300
888 984
816 193
311 41
581 521
817 765
105 676
150 719
985 426
924 631
237 287
965 530
786 701
56 467
430 544
274 646
467 267
640 932
938 559
915 100
538 502
342 784
83 878
465 609
435 934
941 933
851 576
214 577
691 694
606 361
703 63
690 296
88 785
903 174
357 308
321 63
336 392
96 949
626 502
112 587
480 332
955 719
225 834
721 725
528 711
453 989
372 777
65 505
877 37
758 659
849 312
708 541
241 899
860 179
81 347
461 613
56 182
840 554
398 946
452 12
265 86
16 343
164 401
655 526
653 411
972 318
789 519
884 350
597 352
860 860
179 324
568 525
23 664
414 310
991 731
851 437
743 353
844 56
353 74
696 914
364 719
105 169
838 298
794 186
960 254
223 885
437 247
140 217
765 15
511 616
387 582
220 752
250 221
336 234
914 438
851 133
427 109
813 23
240 116
709 370
531 414
254 273
669 534
66 248
700 621
561 79
523 928
224 224
978 149
389 253
927 800
731 601
810 961
472 11
363 442
228 753
904 891
778 494
663 270
853 606
906 870
901 842
635 28
65 155
146 196
573 792
739 903
218 795
952 670
160 218
61 817
38 994
809 562
455 172
112 378
406 567
277 466
701 526
153 693
181 406
83 731
211 283
464 132
742 985
416 102
927 844
488 233
490 129
880 924
478 244
651 303
447 167
750 870
934 538
811 721
181 821
380 484
631 819
131 683
837 384
77 638
294 943
865 473
941 783
450 851
49 273
200 631
637 24
264 925
225 759
436 141
116 654
803 342
261 581
348 618
957 217
584 430
524 548
696 237
979 608
636 400
480 674
337 675
990 932
105 741
654 987
875 407
740 373
333 141
334 930
644 940
93 662
360 241
569 296
256 937
900 229
753 229
523 115
551 655
25 703
898 278
912 670
897 662
288 350
496 714
945 152
681 746
480 306
196 10
535 987
562 781
949 852
295 262
374 414
939 621
51 15
141 62
186 81
736 675
842 459
897 392
261 68
260 189
183 956
966 802
442 153
137 403
711 80
14 175
9 350
468 901
114 42
365 870
426 869
388 163
428 118
504 875
618 696
914 717
567 849
928 330
981 670
525 302
490 203
372 159
228 19
162 983
502 40
495 976
917 594
858 540
629 916
633 954
517 763
325 900
246 464
701 724
955 186
335 589
931 487
540 187
718 587
9 9
216 112
331 80
627 337
801 318
330 794
670 166
255 129
692 90
787 402
515 757
9 817
647 407
695 421
657 621
556 73
293 925
653 808
227 30
334 131
992 895
262 853
999 952
469 162
708 464
914 566
145 830
174 786
575 362
947 893
24 460
942 306
934 719
445 113
76 681
986 540
205 302
128 720
802 229
419 940
559 935
271 246
734 176
118 998
463 232
665 97
19 193
93 157
382 372
866 308
913 419
619 564
273 18
774 861
346 507
425 218
618 903
835 563
607 416
368 948
961 985
524 471
643 322
194 953
306 204
610 160
256 295
126 511
805 140
496 672
268 466
886 813
183 979
982 634
211 299
695 399
488 24
421 176
654 490
619 240
69 98
518 549
138 668
137 892
225 32
852 787
241 699
972 71
440 689
572 367
167 191
714 767
920 526
511 316
789 49
29 588
976 685
931 748
888 959
447 297
566 700
635 662
571 906
590 802
388 735
193 503
661 344
544 73
866 658
612 367
182 847
352 458
332 572
617 7
564 423
552 319
628 19
579 318
210 549
521 172
732 249
13 111
974 781
980 244
975 816
995 997
755 908
908 240
937 24
162 272
874 491
728 300
291 645
407 924
564 617
712 420
535 677
275 673
237 928
988 456
448 60
614 789
783 182
400 731
115 668
131 725
136 458
950 862
284 459
972 613
473 276
830 373
855 634
527 630
135 316
286 902
966 315
721 113
864 246
202 388
632 865
93 520
414 859
991 824
726 9
648 325
752 474
935 591
434 74
708 347
345 183
936 341
523 675
138 516
892 391
498 844
9 164
896 951
88 897
959 945
59 917
331 892
429 524
261 695
328 386
758 664
508 920
659 828
195 460
397 190
376 499
299 72
325 833
827 824
222 444
413 337
61 775
259 602
976 613
567 691
734 413
873 796
314 126
856 795
776 80
61 342
584 533
180 152
59 330
983 721
69 836
1 263
289 264
32 939
430 253
508 558
169 126
881 932
26 640
141 794
280 135
462 897
908 218
785 229
770 160
453 284
335 535
159 749
665 226
931 443
515 469
420 574
512 421
746 849
154 912
643 984
97 780
559 184
550 414
360 993
432 477
990 278
738 745
658 929
310 160
282 202
262 377
962 21
95 842
544 641
391 880
413 93
989 310
989 863
976 989
202 731
583 465
348 341
278 524
307 762
276 415
3 74
897 205
224 428
779 440
766 904
51 942
264 81
558 707
248 446
747 469
365 545
933 245
181 649
609 833
202 361
685 914
98 654
526 573
857 612
22 573
674 862
196 568
477 648
95 934
490 436
891 178
740 592
156 58
246 599
735 162
716 956
573 160
765 961
745 259
101 894
28 469
717 965
85 340
813 26
817 342
336 439
197 309
413 166
105 20
459 331
736 958
308 522
651 180
459 524
753 184
384 977
446 292
620 908
9 241
593 181
214 826
211 15
280 985
991 499
708 895
800 99
411 662
728 901
682 841
328 472
692 452
577 804
7 459
650 111
58 619
242 492
865 599
980 85
201 730
185 406
422 292
796 149
381 870
307 665
796 960
584 266
120 196
76 387
962 629
211 443
276 201
587 744
490 504
906 72
532 111
435 862
774 405
318 166
762 273
121 689
426 907
565 32
920 445
350 348
302 344
277 811
147 476
171 543
225 960
458 562
471 117
518 658
936 180
562 771
809 371
392 356
763 815
766 523
373 49
671 442
836 236
945 296
727 26
129 723
528 557
574 869
320 909
309 732
637 363
18 509
4 33
673 998
412 38
768 874
655 347
634 46
670 411
709 43
319 715
845 757
109 847
91 770
570 142
957 906
269 32
771 38
917 774
802 59
714 859
208 304
498 421
544 309
948 782
573 857
541 140
697 446
358 768
39 799
333 904
314 288
442 508
13 493
715 640
349 395
777 925
966 933
634 29
442 190
478 179
640 358
687 178
532 695
267 778
607 528
434 723
571 135
983 33
927 810
23 830
557 158
586 798
58 199
934 258
675 470
581 29
52 915
552 240
162 194
573 228
509 347
696 56
197 819
505 608
746 628
794 370
678 267
618 15
98 847
901 678
130 355
363 204
294 719
742 746
473 802
520 718
183 436
498 52
82 256
922 813
974 106
960 859
934 944
3 19
638 512
595 595
524 523
478 580
590 841
36 280
91 11
773 51
528 455
971 799
920 701
573 565
710 645
601 947
914 734
466 937
26 642
942 301
413 178
551 960
33 83
378 521
77 615
743 777
179 332
861 886
627 525
784 910
680 942
584 873
865 678
160 600
247 400
379 792
65 904
638 714
949 701
782 339
646 903
759 536
408 220
245 792
300 476
726 852
388 940
286 269
593 434
148 359
297 11
551 389
386 133
696 979
844 551
436 397
322 825
18 538
444 161
829 935
868 567
317 239
204 5
97 917
47 682
88 273
204 648
11 614
298 901
551 613
183 599
185 734
75 232
995 552
719 444
137 231
4 793
640 650
40 323
925 374
516 215
241 218
353 354
431 668
25 988
813 567
399 436
796 371
210 840
630 123
461 996
299 4
676 744
155 262
606 867
619 348
730 681
302 29
420 318
829 303
624 471
622 118
316 106
983 403
927 705
800 145
448 797
724 37
683 599
129 494
605 182
294 498
487 767
654 360
213 743
654 508
186 518
613 410
869 225
902 651
335 706
66 710
461 194
716 259
330 939
665 387
303 28
390 603
17 478
824 458
76 366
23 909
500 410
169 563
743 535
469 786
228 464
877 504
9 259
552 14
341 789
630 597
821 8
552 98
929 736
342 701
955 314
569 413
208 34
524 726
682 331
888 102
323 248
107 747
751 762
103 229
761 834
925 989
745 188
931 558
280 669
815 507
593 456
144 161
137 442
404 24
168 770
73 748
568 360
447 283
799 131
521 590
779 595
697 426
717 956
558 287
345 113
649 210
434 214
175 875
493 918
748 149
345 617
750 416
91 518
772 514
68 100
114 491
73 11
686 50
565 89
11 254
737 948
866 474
22 129
459 540
705 92
485 812
854 331
785 749
933 475
150 63
798 511
827 173
157 7
208 80
243 600
53 238
129 346
391 463
172 814
367 380
865 584
110 97
140 255
967 900
936 184
413 716
766 635
540 601
425 164
120 152
235 147
534 736
116 400
898 412
873 275
90 139
653 847
344 342
748 881
270 526
881 74
952 953
797 328
301 853
592 426
775 914
543 789
244 304
971 328
223 262
775 701
401 76
624 967
144 501
102 670
670 921
15 737
705 402
127 950
827 897
18 314
13 987
173 411
915 958
606 235
609 708
349 767
772 17
447 194
97 773
820 999
916 470
915 74
414 528
599 790
916 603
961 395
965 528
586 478
401 53
644 220
980 635
94 618
38 482
827 508
545 667
833 36
296 345
680 656
951 986
100 899
620 219
605 907
129 563
167 161
302 831
261 531
186 490
766 167
758 370
848 986
85 410
776 34
339 319
322 225
95 566
835 881
992 626
902 629
514 94
485 426
519 696
653 601
408 237
530 761
928 746
671 329
134 940
651 51
195 914
195 727
974 618
37 977
628 809
977 705
514 633
320 470
953 28
496 69
122 313
723 657
102 730
81 926
181 319
741 125
720 134
577 57
666 257
3 665
437 467
260 139
730 121
337 539
478 80
90 63
887 76
438 416
713 585
565 867
965 26
568 548
534 831
939 796
199 407
301 787
201 665
556 240
99 960
95 301
289 880
875 196
534 411
331 744
809 718
900 202
172 836
67 685
158 97
211 738
111 956
918 809
785 993
152 253
483 362
377 181
651 390
496 185
951 707
579 490
97 166
1 54
875 705
542 483
195 460
197 228
661 559
786 765
476 208
338 814
703 462
539 81
935 226
52 350
856 245
328 596
790 249
680 819
18 153
171 909
629 727
662 742
378 205
889 323
192 106
38 217
642 734
851 911
656 93
190 429
69 792
420 976
296 370
244 248
838 936
997 692
525 899
277 638
968 680
16 437
470 205
243 972
942 736
761 362
947 449
932 653
629 849
909 12
358 509
869 544
451 208
90 402
778 468
903 258
247 515
207 100
544 967
525 315
904 538
384 850
316 883
307 481
298 938
708 503
565 507
512 925
583 63
661 73
8 189
567 648
30 527
827 445
343 637
885 820
230 739
319 680
616 717
580 654
138 174
57 132
900 67
553 430
75 977
702 229
929 683
150 653
982 70
670 865
324 470
887 159
359 56
736 587
452 163
643 991
112 429
513 388
309 382
719 514
735 835
385 652
817 876
876 815
279 855
771 172
811 815
90 806
491 687
211 426
933 762
71 217
310 495
750 136
518 309
433 713
427 743
342 848
87 898
681 498
293 101
31 271
514 710
665 868
654 402
327 516
782 764
487 186
782 330
654 486
983 488
505 398
359 837
295 599
861 742
487 425
893 993
952 387
582 835
113 6
553 785
123 921
2 511
821 57
123 657
269 283
187 954
995 121
266 246
34 993
105 552
982 44
917 479
764 516
275 884
811 941
776 42
307 300
766 40
208 20
281 233
507 929
384 54
431 740
139 318
779 547
902 185
889 852
521 938
403 537
141 870
171 362
196 263
129 173
718 392
183 550
992 37
92 691
170 947
189 180
267 134
594 257
362 442
469 104
763 292
857 194
664 447
734 575
310 885
949 623
161 249
594 438
159 154
717 521
441 935
361 149
654 303
76 427
834 962
186 45
225 774
109 6
725 97
73 198
573 108
187 776
780 278
815 217
796 587
325 706
849 455
914 481
633 871
672 391
360 239
301 999
485 699
364 792
128 121
69 755
734 14
610 159
918 411
170 979
250 800
614 203
235 643
831 29
128 500
675 757
148 811
332 366
194 669
97 909
758 781
434 4
434 758
610 647
784 714
41 169
480 998
532 426
12 541
151 774
451 918
121 473
507 210
638 579
307 536
294 656
260 231
784 844
157 96
569 458
520 68
138 928
333 47
797 664
40 707
911 978
313 655
703 842
119 28
267 633
368 56
758 867
473 483
620 165
811 361
882 353
16 921
600 504
407 764
399 391
843 746
811 141
731 145
90 75
74 595
654 664
647 832
539 167
92 57
292 434
556 257
105 895
81 912
576 203
481 713
763 582
843 140
695 230
768 724
631 122
154 467
66 519
702 932
641 31
487 130
993 658
155 726
203 825
415 931
309 884
829 588
488 904
145 730
16 886
773 166
494 792
893 54
494 989
401 688
806 625
770 95
31 126
129 629
207 481
939 340
124 755
419 276
663 19
992 910
137 863
951 828
642 358
383 517
201 806
266 636
352 879
366 507
255 857
870 603
550 270
803 186
735 386
790 392
636 834
338 190
540 216
586 168
781 620
364 542
456 41
620 604
887 174
467 454
276 241
833 712
20 464
746 590
700 591
331 929
693 101
837 583
301 844
32 997
561 624
166 809
503 41
241 117
743 468
95 882
763 475
475 475
875 225
526 777
689 551
993 771
390 825
901 468
501 409
916 163
46 99
660 616
99 8
595 964
747 12
399 989
556 194
475 604
808 227
103 734
368 636
78 863
72 51
423 468
803 319
23 400
362 133
485 471
959 977
538 970
421 35
908 406
912 536
445 348
47 249
586 789
907 815
912 39
166 566
540 420
477 582
497 660
728 876
225 798
462 530
100 102
986 118
544 640
937 496
685 315
903 892
207 191
798 509
345 673
882 940
407 875
575 136
847 684
758 107
798 603
616 395
373 572
602 648
785 129
611 648
638 888
860 118
392 223
207 115
85 671
699 344
19 851
674 521
843 695
26 906
622 762
699 230
553 979
162 837
357 57
820 728
443 799
13 382
677 491
267 436
735 54
544 141
811 871
38 327
735 149
322 8
206 61
292 941
790 190
315 835
397 33
10 909
862 73
602 548
329 28
638 941
184 241
852 854
351 463
440 951
382 366
834 565
297 766
196 314
546 307
940 386
54 713
496 410
836 687
297 924
408 629
768 605
270 546
273 681
367 483
471 252
547 914
386 612
665 5
86 689
770 374
932 768
3 555
247 923
20 399
184 949
624 947
862 105
986 972
836 142
927 919
824 143
76 115
389 781
567 153
302 779
162 162
935 632
191 711
150 528
704 242
58 146
689 108
994 19
52 958
948 20
531 134
810 9
632 657
997 670
782 309
730 27
326 101
581 902
451 951
868 865
893 515
658 559
877 492
73 530
723 250
285 644
950 368
276 632
370 543
759 689
743 189
590 478
252 522
969 83
348 219
831 360
382 58
110 347
319 640
930 663
937 556
494 148
442 600
468 887
996 278
435 19
797 80
273 964
108 468
385 406
251 943
797 789
598 953
959 340
970 598
287 70
27 528
170 372
630 424
110 975
943 514
712 131
279 943
336 876
809 44
866 835
640 413
72 129
499 346
682 71
484 718
127 595
161 705
655 903
394 619
620 770
243 898
970 68
992 337
383 73
949 619
971 383
445 567
873 983
808 452
226 191
37 279
488 55
338 707
386 889
297 616
31 521
276 964
977 166
336 691
788 258
104 374
491 426
740 5
56 332
659 23
954 549
420 878
593 469
456 307
657 455
24 959
97 841
79 506
201 469
363 983
871 712
774 278
57 92
19 33
720 512
554 412
199 211
599 17
539 190
33 831
683 115
523 749
621 343
371 423
184 747
214 338
492 819
784 9
703 563
445 4
442 603
23 482
100 580
528 387
407 986
507 773
529 529
918 614
474 750
942 56
122 995
974 983
992 851
731 437
649 263
97 311
226 32
190 557
949 207
516 347
423 659
452 143
556 16
709 373
45 381
699 821
330 465
137 779
448 176
374 412
509 533
974 214
913 603
342 759
85 616
122 523
243 72
217 391
742 698
133 833
975 948
861 43
585 176
69 880
28 77
305 900
113 967
152 372
618 370
603 631
119 777
349 876
213 238
186 516
335 439
915 866
477 403
660 974
315 53
625 663
440 615
796 135
887 760
398 579
594 631
188 338
121 118
872 74
754 377
809 543
343 630
683 306
97 409
348 716
999 904
612 839
368 499
545 931
191 223
399 369
860 873
507 780
406 24
45 900
616 244
923 437
166 12
970 888
945 246
613 651
899 254
338 466
482 100
775 981
550 425
676 696
156 86
913 288
378 530
69 963
144 686
472 140
389 752
917 589
948 437
901 210
628 114
802 930
807 16
667 937
619 157
88 875
910 877
606 235
738 427
627 676
282 520
823 933
369 845
165 804
882 894
611 490
557 877
564 579
156 151
148 611
649 718
415 484
166 444
135 207
440 1
507 724
130 527
138 161
198 283
315 992
516 5
3 725
997 852
634 233
699 708
882 394
600 42
618 915
544 536
303 348
567 705
491 153
760 831
335 844
901 738
187 449
233 892
803 114
199 125
205 330
544 15
741 260
88 601
661 48
151 478
159 488
690 330
456 138
443 722
201 870
665 37
313 29
83 263
805 497
781 851
350 706
947 661
397 308
205 358
993 721
104 90
726 303
315 273
822 778
2 272
72 531
800 425
173 835
742 175
358 576
928 369
187 485
733 580
359 441
779 933
763 885
928 456
533 87
887 911
579 673
420 283
332 875
969 5
730 357
181 781
902 929
448 573
212 428
987 510
880 687
764 968
631 57
301 226
591 399
66 608
857 975
235 30
752 844
483 513
572 320
949 765
813 296
92 474
996 858
317 490
610 419
901 113
667 175
917 217
338 430
232 927
947 688
806 309
320 913
432 699
313 385
174 577
64 335
394 404
299 786
431 204
656 245
656 423
170 596
347 25
237 248
409 822
276 958
750 127
68 890
581 785
346 871
60 961
457 728
406 216
976 892
563 126
713 456
579 933
171 476
379 681
517 329
97 618
949 708
954 970
163 963
617 846
460 371
581 137
428 994
363 371
131 894
748 874
440 89
496 718
228 610
546 601
392 397
58 306
799 325
200 465
960 807
408 397
166 114
992 886
383 993
84 329
70 569
117 114
899 965
609 230
447 415
3 470
77 84
676 740
754 465
861 849
624 934
595 534
419 411
784 506
254 290
887 855
973 339
152 286
277 827
380 935
897 811
497 955
486 946
654 516
866 205
611 568
531 415
499 504
32 152
913 461
706 700
697 362
472 462
866 77
195 658
352 116
840 789
289 606
425 101
277 988
32 272
544 998
584 193
826 101
477 803
785 729
127 11
521 331
322 505
246 545
399 444
684 925
890 57
54 686
347 905
181 375
933 794
726 252
539 623
168 913
573 326
141 450
786 495
204 151
813 148
735 84
105 960
359 36
151 50
991 321
774 346
547 585
738 221
668 622
782 197
935 302
436 891
851 410
596 133
91 864
808 403
64 561
447 351
642 488
356 170
30 557
856 88
548 229
222 117
963 815
928 295
988 830
659 513
118 114
221 617
683 101
828 895
258 233
895 988
822 527
297 216
983 140
125 123
888 77
523 863
236 564
892 632
652 87
522 971
92 906
776 355
253 365
159 513
95 174
199 17
145 304
42 152
935 320
876 557
166 899
290 883
194 247
231 817
2 485
241 793
574 166
735 842
497 330
704 505
521 988
733 605
875 385
695 231
575 283
452 226
197 699
419 232
266 482
853 375
671 430
344 18
175 558
457 29
589 135
561 3
277 202
910 65
573 94
506 634
127 650
711 169
885 858
110 501
610 712
916 261
506 496
856 811
272 134
327 344
612 710
555 603
35 670
30 641
109 206
635 471
993 285
870 624
92 429
726 940
275 790
206 284
341 914
641 325
284 781
267 718
396 833
571 424
247 910
478 414
229 616
902 566
702 899
403 838
788 250
468 263
531 831
99 616
741 105
459 241
824 263
670 413
278 801
879 79
41 945
77 758
231 381
475 430
509 418
691 501
275 990
846 308
253 18
696 974
449 869
873 107
413 71
891 991
774 225
149 677
241 499
12 603
60 228
922 137
225 706
374 19
913 908
63 80
411 629
637 950
825 884
725 551
944 825
423 451
458 718
994 711
585 919
126 257
48 287
487 313
170 513
530 467
142 876
267 472
411 356
86 676
718 216
256 145
943 736
403 601
74 551
48 715
117 131
743 298
846 796
499 83
701 898
414 596
237 829
400 185
101 62
147 451
991 361
885 210
752 235
254 766
76 644
892 988
641 608
401 466
746 622
70 612
806 651
11 830
233 41
803 163
728 45
747 688
687 416
635 83
256 112
680 247
984 902
646 388
37 347
308 867
262 168
502 486
247 194
604 421
761 572
265 87
745 547
578 812
670 333
39 381
21 467
78 421
504 669
188 266
322 33
999 335
457 810
997 588
577 264
314 201
225 186
227 5
401 488
113 819
244 251
277 433
90 146
191 757
479 100
142 840
610 683
32 888
85 482
374 359
258 507
262 694
704 998
229 226
411 496
878 531
11 178
608 712
591 115
812 823
290 726
664 356
580 9
354 10
700 615
943 203
826 476
454 202
63 246
988 907
125 470
625 400
518 515
755 100
869 724
865 665
367 216
635 436
630 616
611 7
225 345
470 338
447 291
361 148
739 299
809 612
100 323
857 427
701 465
847 353
747 178
689 959
575 852
544 172
317 698
752 314
246 905
288 992
593 420
41 566
240 542
994 779
706 749
947 713
275 124
820 893
925 223
362 984
952 716
308 88
496 90
793 539
147 645
42 311
245 601
157 707
785 147
736 840
18 873
309 314
392 359
282 195
807 682
178 213
733 23
579 986
292 240
890 713
517 98
255 874
419 77
329 348
797 56
347 349
793 651
623 347
554 81
597 715
527 975
399 791
985 684
73 170
318 306
690 837
258 172
911 495
68 615
840 641
949 25
876 361
33 246
183 431
709 695
936 860
290 457
495 861
551 705
164 946
786 691
969 320
663 40
717 606
690 183
818 564
315 914
664 584
636 121
151 930
467 978
1 863
964 389
832 816
244 464
847 627
25 57
20 238
812 176
648 736
755 884
136 623
464 178
913 578
644 458
240 147
444 234
365 540
195 662
157 259
515 495
63 514
573 151
764 454
953 364
374 274
146 167
768 299
680 261
578 29
737 386
14 718
325 354
979 422
182 451
637 21
316 374
240 8
102 858
762 512
308 247
668 361
53 23
9 77
896 24
330 595
636 275
224 318
93 737
130 330
380 765
180 378
303 520
391 119
539 255
962 260
426 163
829 59
447 971
41 718
209 118
680 555
483 422
142 18
740 630
482 769
281 178
324 970
219 112
840 438
52 923
425 960
884 158
112 577
145 213
686 739
462 396
808 974
757 418
866 100
565 11
535 196
147 138
503 502
822 521
462 328
153 908
388 301
59 359
779 433
944 510
900 513
896 307
190 481
828 231
939 785
75 598
211 361
438 3
935 393
928 640
606 283
741 351
140 164
903 697
627 420
301 202
768 118
763 348
949 189
843 253
955 152
422 163
701 998
229 520
823 529
417 994
792 532
933 707
809 476
772 358
664 948
889 630
83 379
635 784
946 145
737 594
190 969
273 151
443 57
479 309
329 648
857 573
431 817
446 639
323 69
239 968
191 23
407 734
182 553
924 528
451 334
849 911
707 38
527 657
354 624
190 63
562 700
546 235
763 743
398 537
164 706
702 439
473 153
509 352
737 214
127 852
309 304
851 460
633 442
120 942
94 663
468 43
935 520
813 248
540 375
333 599
818 154
968 689
253 703
227 43
843 243
842 268
204 602
480 726
33 197
556 34
378 979
706 826
510 546
45 379
316 183
290 433
965 171
576 535
694 278
367 22
235 385
796 102
203 898
231 334
54 678
373 493
63 172
360 728
84 765
608 215
763 200
268 688
51 883
354 691
683 273
199 817
731 447
691 931
875 989
416 20
124 786
648 862
826 487
878 808
172 200
956 786
809 244
205 520
203 427
641 481
760 763
293 106
218 309
767 671
107 635
234 594
266 482
460 499
168 387
309 131
138 336
33 394
994 16
346 467
602 94
218 619
968 500
972 933
374 215
796 740
651 303
893 414
368 331
987 709
910 492
534 656
20 14
650 500
374 358
301 731
909 986
581 689
336 741
578 934
767 487
166 434
322 843
959 758
536 266
703 765
238 921
638 242
326 56
237 956
629 725
620 394
636 946
13 380
81 405
181 918
24 285
840 15
742 677
473 43
243 953
965 951
107 488
657 341
535 118
696 389
143 354
18 643
405 473
56 115
119 589
965 589
528 721
485 597
38 828
884 872
808 805
824 874
78 995
742 631
813 602
652 45
56 939
701 612
642 434
189 670
795 76
26 313
99 628
83 683
776 80
501 125
61 490
807 49
878 518
242 749
76 985
65 956
490 170
387 398
982 121
487 256
877 418
398 201
255 15
501 587
835 586
574 253
763 452
893 852
711 324
178 89
271 268
920 978
423 14
311 755
642 748
694 822
486 404
623 435
114 628
580 849
476 582
682 974
624 35
576 501
588 750
196 731
185 106
216 993
779 150
729 484
348 383
895 944
784 12
700 772
430 12
136 568
724 29
700 84
269 956
528 363
722 925
901 580
819 458
976 354
746 695
562 167
388 649
541 688
869 928
876 812
826 598
209 358
686 50
739 906
786 351
175 32
127 889
515 991
530 707
981 762
587 531
633 724
580 920
289 549
536 604
696 924
265 14
113 994
483 139
362 126
726 119
693 873
517 280
446 783
507 874
469 848
40 390
497 335
270 254
968 28
675 210
349 529
447 356
421 75
223 451
657 395
287 436
625 995
85 401
904 900
208 267
894 301
718 278
392 449
797 692
419 280
49 275
51 284
525 935
290 854
28 794
995 250
632 886
310 432
520 996
778 704
967 691
900 623
365 77
297 224
507 529
123 299
320 47
907 659
743 591
329 880
437 306
712 509
851 192
551 263
172 501
517 71
201 495
391 259
944 357
57 146
932 813
539 293
578 322
963 758
786 798
285 82
546 361
160 482
579 745
251 873
105 562
160 194
305 619
718 364
753 973
748 258
338 635
823 809
386 798
965 977
517 806
577 843
950 127
740 82
672 885
265 735
339 296
603 211
651 636
11 963
874 987
120 916
665 558
614 957
705 576
756 499
324 689
61 447
194 989
794 7
65 949
598 177
535 127
553 420
90 725
300 43
23 771
319 299
547 920
927 736
535 843
276 60
981 660
72 784
283 749
708 311
138 760
279 222
450 118
805 471
495 579
287 396
871 912
382 419
626 952
864 834
264 374
440 41
134 688
670 696
792 193
488 87
22 286
971 58
982 977
692 684
649 680
172 687
433 725
558 753
306 443
50 9
762 658
62 414
797 729
209 365
681 263
87 646
692 249
638 706
885 329
219 714
70 414
694 414
930 999
935 541
817 304
978 556
540 744
130 925
172 709
778 347
234 851
34 709
630 405
755 301
133 214
53 459
29 570
526 746
855 919
289 828
953 675
660 445
393 62
687 956
159 140
704 92
819 436
592 410
978 824
525 325
499 740
606 447
42 937
972 713
556 709
389 447
918 915
132 892
542 50
722 705
67 2
350 63
440 456
410 600
899 792
990 556
229 81
919 874
738 272
946 564
895 38
673 257
232 24
384 999
839 155
617 769
852 786
710 982
50 227
642 559
332 583
659 583
609 256
568 268
147 903
424 260
807 504
399 716
805 61
246 762
202 584
282 210
703 433
288 462
209 483
589 217
754 630
922 8
453 738
885 930
413 622
237 997
733 70
511 351
627 699
539 733
977 491
225 65
262 894
210 857
966 310
365 852
919 448
204 886
434 398
34 573
87 270
496 996
528 962
986 351
109 605
943 124
269 476
544 428
98 783
573 594
781 906
561 945
483 826
360 777
203 605
863 802
565 768
684 90
333 500
920 349
541 884
203 231
801 96
739 990
206 285
15 190
138 625
997 965
76 863
989 620
271 139
441 868
853 790
372 734
519 948
856 237
672 764
932 134
459 979
261 816
325 284
132 500
330 954
105 411
165 142
744 77
817 737
534 566
944 958
536 252
540 496
858 802
196 264
785 798
908 749
306 294
439 225
928 278
744 391
724 793
865 437
748 494
664 935
193 662
753 671
253 447
979 792
433 972
280 98
375 56
475 834
695 785
519 171
407 992
931 525
482 648
333 4
687 494
738 942
858 946
486 966
755 140
770 73
234 748
932 952
644 884
50 679
743 133
678 253
686 699
190 430
834 501
876 710
818 547
26 874
128 626
652 615
682 781
624 137
675 382
510 493
561 540
933 619
413 185
587 780
561 55
747 454
76 152
644 159
173 163
408 901
406 35
729 995
451 244
450 810
976 937
821 743
727 321
46 829
220 200
987 274
976 543
241 72
382 206
492 706
136 78
934 912
151 394
806 329
904 200
771 547
505 313
414 246
152 999
48 608
65 721
621 235
968 350
968 194
956 385
170 288
664 97
718 2
905 8
743 820
424 518
89 574
534 613
229 20
423 824
697 615
992 29
807 811
635 222
336 817
417 576
927 785
265 128
103 299
901 466
336 564
960 823
847 765
624 718
891 735
218 209
410 800
383 421
848 853
758 209
385 960
82 639
631 221
232 94
513 473
435 201
876 875
450 922
298 751
681 25
57 610
959 13
434 938
977 196
613 692
174 304
246 450
988 780
50 467
606 432
95 612
386 507
368 981
689 813
659 506
700 659
10 690
450 939
35 130
53 464
737 721
102 8
584 83
644 596
164 971
846 776
68 691
907 157
744 937
750 818
570 724
509 651
238 335
514 104
466 423
901 691
533 243
641 848
818 121
388 892
317 470
395 175
336 212
723 346
712 297
29 138
45 83
192 714
444 422
783 859
396 397
609 265
953 287
964 584
364 949
355 385
67 340
668 290
801 110
811 877
262 396
856 619
227 655
988 277
915 28
716 997
484 668
180 926
265 490
199 317
372 894
272 829
952 195
724 887
685 315
52 785
334 310
524 522
976 753
113 279
922 884
351 917
551 638
245 758
984 86
253 857
349 647
823 106
773 892
831 755
835 755
214 127
911 992
35 422
283 56
225 706
434 31
22 619
182 936
995 323
416 971
713 398
39 342
193 426
612 896
274 977
96 796
767 374
745 80
954 465
916 811
365 744
162 686
274 469
504 919
263 518
256 781
846 449
919 301
266 746
70 347
690 672
809 823
101 556
808 265
395 195
485 432
69 808
539 226
251 167
446 637
670 13
885 705
613 357
4 593
62 239
559 788
376 40
145 644
715 329
890 450
119 838
9 894
787 371
734 221
337 979
660 16
240 335
49 437
272 980
597 787
589 122
750 586
475 886
619 10
77 906
319 482
628 428
819 888
673 119
680 13
221 258
323 839
970 698
127 166
233 136
165 137
151 353
17 61
105 771
293 179
430 390
472 207
90 58
301 353
991 929
668 372
972 133
817 692
975 743
394 53
542 214
304 984
237 633
782 365
27 655
17 964
425 103
791 485
105 199
885 493
75 438
240 765
616 147
690 644
142 155
583 776
779 833
538 986
88 823
939 714
888 760
308 621
609 821
605 160
281 784
400 947
742 258
831 956
950 460
452 189
339 890
208 833
364 683
820 65
311 797
640 610
45 498
723 113
725 183
857 970
645 925
912 774
424 98
449 674
243 504
3 107
730 349
644 478
142 842
730 212
426 381
442 816
716 158
824 371
508 616
82 343
134 74
856 116
868 435
511 617
342 487
488 272
495 95
395 122
811 217
758 432
847 838
653 745
651 439
155 494
198 497
877 206
520 616
762 77
886 213
932 464
228 672
149 229
594 851
673 799
406 526
483 87
768 633
57 202
498 358
70 151
307 258
761 498
765 465
499 176
266 872
384 396
824 771
747 561
471 495
276 212
263 796
430 107
951 777
156 19
25 943
760 763
97 902
821 414
243 479
12 86
390 993
124 189
415 639
249 599
664 22
228 246
703 164
270 197
252 864
428 648
693 918
184 381
584 405
78 58
36 660
695 354
583 484
415 966
443 804
145 128
821 264
598 65
578 801
520 909
20 293
564 54
167 167
472 273
543 651
980 526
361 165
48 327
640 459
77 12
568 693
534 202
946 232
750 962
955 122
286 44
124 766
802 309
874 370
821 733
18 446
829 773
940 320
77 563
998 145
946 179
659 861
94 233
464 450
674 845
612 153
93 983
66 77
741 669
780 809
