100
732 148
541 741
310 245
990 26
260 924
16 935
674 496
543 744
190 866
219 170
899 673
549 501
999 940
561 307
292 398
112 570
812 199
7 648
700 756
400 53
924 630
336 278
34 589
911 243
442 545
385 473
375 382
94 931
497 251
136 128
923 275
633 167
161 447
93 518
275 792
979 782
370 668
820 527
861 749
64 222
734 534
657 598
90 592
108 701
914 199
834 354
144 784
167 102
452 33
176 127
170 918
784 344
714 29
211 249
241 531
441 748
477 365
970 316
292 542
796 860
818 278
36 980
628 326
94 317
966 278
508 261
922 717
56 40
694 955
472 789
144 775
185 527
706 776
411 674
422 330
28 597
595 129
132 514
400 869
147 365
657 853
551 215
159 645
533 393
380 600
925 73
83 153
881 92
459 482
247 736
391 699
33 161
330 749
106 37
512 332
280 286
810 968
670 741
648 527
996 34
