10000
668 15
433 254
261 912
235 450
526 416
685 22
468 102
83 760
901 429
79 747
711 858
136 917
179 655
121 804
137 702
624 117
289 716
14 581
3 883
134 991
770 643
390 454
383 55
775 854
426 509
624 203
239 276
376 527
474 335
27 456
269 352
28 129
433 637
950 973
433 867
817 872
282 998
938 546
774 461
497 732
181 267
180 454
704 914
760 974
463 422
986 370
945 968
202 851
324 182
896 188
903 123
762 195
549 424
418 648
751 565
804 236
313 670
149 294
344 217
202 631
429 966
883 717
367 318
410 171
619 200
318 308
444 910
214 516
349 832
511 812
640 407
432 255
459 123
871 92
517 262
75 785
504 106
409 930
27 479
25 161
622 274
258 929
578 415
691 872
281 73
753 461
124 454
995 603
199 636
743 40
552 606
181 374
975 548
95 493
78 710
825 274
579 674
52 522
100 154
931 661
34 402
18 79
122 533
802 530
484 437
257 447
384 917
566 462
873 460
536 378
595 922
712 361
711 803
295 780
41 842
517 152
262 44
669 545
7 909
831 586
238 542
245 943
79 634
6 849
365 823
926 371
332 223
702 870
226 793
316 301
80 896
395 364
791 598
484 589
900 833
262 785
690 327
500 386
458 358
977 998
687 460
88 338
119 372
491 599
831 680
448 773
32 357
920 783
780 345
418 9
500 702
80 217
212 55
467 946
650 309
624 956
994 877
318 153
841 65
292 305
23 576
424 449
834 892
665 686
285 549
612 571
647 124
153 358
853 909
266 443
352 291
282 735
450 147
289 273
944 295
27 21
909 837
85 29
361 755
778 375
63 256
411 322
242 338
684 652
75 789
944 29
28 105
435 349
310 550
670 836
771 626
189 298
83 812
520 667
131 942
360 673
517 597
981 293
770 127
667 104
933 217
699 829
352 857
585 271
421 200
261 679
856 270
259 175
90 553
321 90
166 602
815 929
155 243
503 143
983 409
302 170
912 633
646 828
625 436
915 409
508 677
263 412
571 595
344 913
659 797
784 702
169 382
581 192
251 551
339 678
467 528
557 553
639 47
179 231
389 333
234 94
833 587
167 801
387 471
198 451
915 16
273 838
990 347
543 917
927 53
693 282
732 963
251 299
453 992
962 484
441 80
999 230
715 73
517 785
153 717
605 875
159 105
364 50
543 618
540 900
559 161
536 616
202 841
593 402
117 415
823 378
448 679
302 600
9 22
940 877
281 574
692 364
283 951
316 391
553 230
816 785
779 930
273 991
591 247
396 814
532 419
760 414
211 284
446 995
330 854
673 86
223 999
128 800
210 578
776 664
636 962
655 543
666 115
764 971
927 61
891 678
258 205
761 780
143 416
740 657
739 688
298 844
30 679
240 25
996 578
961 791
920 836
65 606
462 792
309 723
399 430
237 703
106 545
151 113
802 689
157 144
986 965
17 950
311 289
666 146
244 110
273 448
590 307
200 656
760 916
715 103
731 748
319 989
102 139
932 164
945 526
774 871
471 833
920 66
232 595
669 968
845 742
893 634
744 576
590 750
624 176
643 243
663 431
488 368
974 710
149 313
438 547
930 600
936 124
862 744
484 791
54 656
497 272
873 519
27 649
231 99
286 212
28 889
689 83
809 410
526 192
89 501
633 476
80 505
106 452
117 143
404 726
302 75
518 654
391 902
429 250
199 179
850 191
990 811
64 990
283 67
132 793
70 572
751 442
448 145
731 285
659 692
855 152
832 669
530 433
316 244
377 585
725 467
979 43
545 347
464 764
233 163
704 377
998 595
981 88
397 118
445 161
328 511
729 538
725 499
293 473
415 534
136 419
171 184
72 132
641 387
260 130
734 359
795 386
763 838
433 232
450 425
166 559
542 460
922 423
427 663
67 924
217 292
716 279
165 373
22 440
626 705
79 419
504 932
910 122
175 357
988 574
872 691
296 33
543 396
576 986
477 854
786 924
133 596
345 58
908 387
200 255
622 744
729 116
231 477
385 520
772 892
202 892
926 644
982 708
906 467
521 687
834 330
587 120
655 765
375 952
553 548
97 391
707 993
647 661
36 575
423 806
674 682
933 484
770 118
774 753
380 53
991 744
519 699
489 955
508 405
384 356
779 647
998 280
155 523
503 490
613 554
833 508
753 512
20 654
800 802
583 170
85 216
51 815
29 382
570 272
126 18
12 184
844 880
480 146
963 466
279 88
877 531
153 270
117 545
989 850
943 394
440 212
865 334
617 479
515 97
390 326
144 605
30 347
927 269
762 201
911 159
445 265
185 407
943 233
597 795
878 131
716 721
108 213
447 54
792 636
742 518
512 511
372 746
715 351
216 69
191 54
751 598
804 524
680 667
696 649
649 778
613 137
669 371
99 23
192 337
263 159
206 415
778 627
492 716
950 677
781 120
927 201
498 429
199 138
382 925
752 827
703 300
449 920
578 639
289 95
395 933
19 323
43 663
584 256
277 434
726 417
813 119
683 554
456 498
602 404
75 58
945 794
169 81
991 660
412 548
93 568
674 865
512 77
638 666
615 873
239 290
315 991
848 861
848 185
137 191
426 813
432 897
977 172
388 647
277 108
136 568
166 796
283 53
864 634
508 985
472 491
397 425
688 384
832 868
394 699
782 675
421 880
830 161
713 732
369 856
38 296
659 56
132 542
665 497
273 666
495 538
608 218
471 74
665 342
123 53
44 942
663 841
204 675
507 518
607 59
532 906
325 171
298 329
138 803
565 175
480 315
433 990
415 340
374 989
821 396
341 696
572 678
976 33
403 94
750 69
438 348
57 671
343 624
20 643
476 373
599 730
305 214
99 172
348 769
377 585
752 88
558 700
184 675
942 850
684 430
320 862
744 240
501 708
623 814
486 898
35 347
575 380
202 818
212 206
364 456
150 560
715 492
133 558
159 901
380 733
347 935
980 163
644 883
198 562
741 16
944 560
646 521
766 220
982 117
981 731
19 136
938 282
637 776
374 379
723 586
21 60
329 95
220 70
740 668
731 815
930 1
273 659
58 883
416 884
144 563
836 354
760 138
709 84
983 355
291 570
105 542
803 932
26 816
440 482
307 173
42 119
825 179
417 551
278 683
257 890
412 260
543 889
913 488
199 185
954 849
389 710
368 643
104 452
851 773
651 898
599 947
589 879
969 979
735 802
43 585
589 148
903 630
549 624
96 605
582 981
383 693
361 738
797 139
204 528
155 309
425 284
99 204
722 759
827 528
853 786
459 528
880 634
851 395
901 2
678 242
700 640
284 407
710 715
511 464
295 920
392 12
426 401
987 510
732 396
202 950
777 479
383 954
909 226
430 578
778 70
641 42
445 893
830 300
498 332
230 100
955 522
786 234
508 543
376 860
503 239
432 436
277 356
13 312
333 68
979 701
347 698
502 225
302 212
156 827
569 859
478 764
430 50
723 301
819 72
773 657
762 149
747 266
181 107
250 859
930 270
643 910
688 570
218 230
948 146
290 185
71 689
280 346
711 846
31 887
715 217
886 495
270 909
979 385
331 850
400 229
535 743
714 417
969 986
978 255
570 599
423 555
12 995
732 544
721 509
314 87
118 206
360 789
505 551
550 671
968 399
904 639
460 973
108 407
957 493
757 521
755 372
724 38
165 519
49 500
215 91
113 409
218 777
827 356
60 10
490 685
138 897
156 695
368 263
316 124
135 205
504 522
675 908
159 443
910 232
62 512
296 729
103 358
885 883
132 914
862 44
120 555
940 493
92 270
188 327
464 20
335 365
494 173
449 469
448 893
988 513
602 1
978 318
838 987
246 601
819 901
247 657
493 200
215 871
812 543
286 265
895 331
994 844
424 842
188 534
265 243
674 458
775 298
670 684
509 97
962 80
326 80
852 145
891 757
748 766
270 377
231 719
542 262
62 342
982 944
182 131
65 544
15 44
395 971
921 575
702 30
984 811
649 210
196 713
136 745
356 159
4 641
865 762
698 654
664 343
938 782
968 792
257 111
664 820
446 694
510 883
200 288
147 465
759 696
515 773
819 242
836 293
700 712
398 180
219 144
829 89
949 558
143 469
593 33
214 631
257 691
710 987
25 466
19 206
694 997
954 509
360 418
229 650
930 897
58 783
755 511
361 537
291 575
14 110
751 952
502 301
808 80
936 96
48 664
367 172
25 758
19 709
404 868
887 200
496 998
204 237
439 342
867 801
161 80
353 372
190 666
139 170
28 270
67 87
752 456
70 21
717 883
159 191
827 408
342 100
661 904
444 748
978 569
195 519
757 579
825 84
769 785
337 945
409 659
461 612
934 865
440 380
299 625
548 954
474 931
614 894
975 597
737 633
811 603
81 835
113 747
792 4
447 763
296 394
213 901
615 454
609 58
328 264
284 264
252 189
913 657
75 70
278 54
881 437
701 440
894 999
68 449
620 558
969 498
812 454
352 888
754 402
233 909
413 359
308 154
889 10
61 800
575 447
746 871
81 197
841 103
926 850
144 341
203 935
22 602
19 67
52 478
470 403
406 73
916 787
605 78
847 257
548 261
978 13
150 684
809 877
913 990
590 659
18 642
127 813
122 972
351 320
414 436
722 916
468 691
146 93
952 216
269 825
713 392
793 811
43 7
381 535
417 269
977 74
777 320
859 701
435 168
385 940
970 465
677 954
684 166
515 291
126 60
648 347
211 839
311 986
804 570
813 289
570 859
941 447
968 524
935 359
496 592
184 318
766 983
701 625
22 425
543 121
209 825
446 819
274 14
123 956
826 736
490 458
519 867
847 613
106 566
203 3
470 482
380 672
718 902
129 747
532 979
145 511
402 897
507 179
672 451
639 232
865 68
120 556
563 198
269 294
824 178
627 270
557 461
995 271
238 120
797 468
517 952
798 532
993 724
589 978
121 988
299 494
11 833
497 503
694 630
101 502
569 841
540 215
328 59
412 558
823 109
767 126
408 438
359 511
368 152
925 13
912 527
945 24
77 481
197 380
587 210
713 355
594 80
92 420
609 228
81 192
830 168
618 169
977 608
324 542
494 671
403 27
441 31
809 669
740 948
253 361
458 443
5 356
953 519
352 439
552 504
661 909
772 666
685 260
639 504
777 843
518 626
601 277
739 516
149 297
722 170
93 706
164 825
191 986
859 494
281 462
86 500
951 190
434 523
430 633
481 47
330 764
751 17
925 377
373 368
279 743
167 798
207 40
373 716
144 905
412 647
988 299
879 875
267 317
665 295
18 306
767 370
931 99
107 590
602 314
475 453
216 259
573 640
559 884
203 735
953 809
345 161
345 244
921 572
279 67
826 288
935 428
342 284
181 399
199 941
375 176
478 300
178 96
359 498
844 495
955 53
603 971
622 9
784 987
973 126
951 739
176 668
376 850
866 924
299 785
286 554
719 348
685 885
204 332
798 891
107 453
276 578
318 361
169 687
72 875
979 944
894 212
313 885
361 962
953 739
540 674
229 368
90 929
402 102
719 39
160 625
658 129
781 255
340 547
610 961
151 862
534 41
14 495
120 974
287 75
92 435
630 637
690 526
713 347
931 691
934 232
52 521
876 660
46 913
967 504
540 577
101 993
241 462
371 305
617 950
724 203
605 249
470 690
864 269
898 450
962 769
396 615
186 667
163 763
259 470
22 366
851 681
605 547
837 90
509 496
608 354
405 258
120 973
990 818
132 865
669 482
254 424
513 278
48 509
250 928
543 287
15 757
428 543
520 605
106 505
841 486
668 288
23 106
832 300
112 313
753 700
825 594
92 920
841 521
450 266
991 87
952 53
340 233
73 50
31 189
675 627
163 713
733 457
69 930
938 709
574 481
761 10
232 348
903 945
670 292
402 133
182 318
816 566
99 628
408 433
838 59
933 265
59 370
576 791
614 88
204 994
531 860
628 947
32 811
823 370
520 332
667 545
822 134
111 712
499 276
64 457
592 986
772 286
312 83
897 108
258 937
491 766
719 441
128 863
273 564
684 632
767 650
223 905
370 976
791 725
664 680
277 836
547 106
896 293
729 283
76 733
925 20
753 359
495 615
717 216
17 170
326 610
470 726
820 348
201 14
849 891
442 85
266 884
627 496
378 255
531 208
553 898
318 551
751 360
490 511
467 323
858 387
168 843
667 502
523 665
670 646
833 588
79 902
787 232
650 341
105 441
642 529
4 709
328 866
878 67
531 569
775 419
871 248
589 596
307 825
245 113
77 403
498 682
411 75
148 980
764 713
230 967
142 242
456 618
997 80
801 900
20 840
919 8
263 852
210 395
246 625
30 463
76 793
145 469
800 572
698 635
86 922
131 91
382 408
168 477
521 684
528 89
475 225
573 899
364 484
645 951
366 514
183 275
840 98
791 1
701 53
723 468
211 519
379 373
988 799
510 967
926 54
289 533
861 81
418 843
322 112
267 192
250 347
700 427
789 72
435 9
583 939
666 866
856 41
994 761
486 157
997 531
837 471
719 526
403 14
458 454
188 859
945 229
445 631
295 782
137 886
168 96
893 720
32 756
39 584
964 54
142 250
847 881
777 281
913 984
424 670
289 740
334 823
27 379
555 606
36 78
94 744
791 860
913 256
647 673
106 45
578 648
178 565
465 415
390 843
365 570
382 147
644 939
753 891
785 939
144 612
579 277
3 165
257 947
385 715
740 823
781 112
954 346
306 867
542 719
827 206
220 465
240 442
665 904
814 308
63 831
450 759
537 209
692 896
448 30
79 139
448 840
206 624
52 818
187 714
901 427
296 552
514 596
753 842
651 673
876 15
40 237
61 464
544 672
240 978
537 323
326 865
870 373
742 181
83 693
368 199
772 130
228 165
648 611
549 786
964 362
939 377
934 355
848 136
2 781
312 693
630 639
909 435
452 874
108 559
467 537
545 63
754 816
561 746
707 40
200 572
662 847
589 406
938 252
186 666
71 247
428 391
342 218
900 225
527 455
407 853
696 575
478 244
147 234
433 248
430 384
880 759
874 304
226 620
206 427
546 398
719 682
706 52
987 841
985 775
200 962
67 155
210 952
807 78
141 406
118 974
169 31
556 483
649 793
164 480
591 990
141 590
855 32
280 709
578 931
833 988
958 273
907 78
131 427
45 405
950 360
689 720
364 428
767 517
878 878
879 71
450 763
556 384
700 393
749 161
130 826
736 627
84 599
181 557
53 757
847 499
44 792
46 300
158 338
462 422
170 359
179 115
993 525
105 19
615 945
365 334
558 185
57 141
385 660
962 891
717 733
985 123
189 963
232 858
807 794
872 414
161 803
258 991
796 752
672 273
693 835
875 946
620 39
244 251
343 3
950 564
549 421
736 610
934 285
557 187
907 97
931 611
70 449
616 284
715 864
479 52
281 736
91 980
113 985
461 295
323 633
612 895
550 317
222 883
575 959
551 563
989 991
902 612
691 172
12 42
429 990
601 117
216 500
594 757
112 725
862 853
213 762
402 582
227 274
183 587
523 460
203 153
691 704
40 219
577 884
858 992
808 329
519 910
863 364
403 364
228 800
344 891
422 343
336 247
760 862
301 142
497 693
249 219
752 785
327 127
155 599
878 839
32 351
851 91
410 755
383 599
512 449
803 847
12 518
852 70
666 73
759 662
564 367
192 219
893 559
318 204
479 936
729 802
3 163
318 858
795 504
728 646
414 130
910 150
592 360
541 772
983 109
651 840
651 340
175 598
457 787
966 925
812 475
670 417
604 514
351 162
727 884
984 661
637 511
670 604
122 211
717 585
391 155
559 402
430 49
553 591
929 801
124 413
150 353
847 356
481 926
672 295
816 622
560 788
816 72
12 922
335 139
634 45
125 395
70 123
272 399
507 512
306 994
245 116
632 236
993 545
240 108
65 616
970 501
393 920
434 437
397 954
163 638
62 205
928 285
544 259
168 225
981 340
642 356
439 728
637 786
348 184
463 856
77 489
596 949
501 717
895 242
420 346
550 206
230 697
390 417
829 112
50 341
867 52
508 515
953 48
291 728
124 83
866 489
843 910
899 529
721 223
608 263
877 42
196 25
365 873
559 665
226 343
237 266
625 462
868 292
605 800
445 47
11 477
422 573
698 56
600 858
338 191
998 693
908 943
119 197
577 238
135 383
398 543
604 190
329 512
103 399
383 54
245 479
121 250
830 422
723 827
247 549
541 698
337 223
307 969
638 692
891 51
937 78
661 200
147 231
943 609
612 234
196 38
604 664
18 725
25 377
823 648
28 601
368 11
928 607
53 886
669 819
320 48
908 843
662 857
991 747
236 272
891 946
860 519
332 702
504 252
107 882
93 412
15 725
123 618
282 980
473 277
607 866
899 140
614 885
661 331
155 774
115 565
98 887
620 837
110 478
805 262
293 107
713 121
95 148
209 149
639 683
286 764
197 175
533 321
477 716
937 283
249 420
962 943
293 172
545 243
61 784
618 424
730 399
368 501
830 62
815 829
123 448
358 205
987 689
165 420
15 820
758 711
862 784
112 704
98 498
697 916
72 583
736 750
324 874
266 214
313 447
786 71
888 448
468 425
985 325
564 15
905 504
905 581
509 492
779 190
840 628
303 89
464 823
717 960
202 880
66 955
899 468
372 414
7 48
604 300
262 682
906 522
231 155
945 814
195 944
738 671
304 744
124 912
931 345
780 750
822 121
44 970
694 925
393 538
158 347
994 874
181 398
409 326
297 467
584 606
375 490
471 576
414 249
833 831
559 179
939 890
33 441
721 516
855 953
154 462
989 954
985 315
804 146
920 681
871 841
562 54
668 774
474 276
979 835
935 851
598 338
525 739
105 752
689 435
104 272
426 540
510 96
836 527
374 314
565 768
883 127
563 605
90 687
423 435
978 617
351 19
732 699
599 254
117 23
817 381
627 245
546 254
507 820
663 584
82 731
686 715
971 9
445 711
502 241
138 220
393 676
342 8
278 147
993 502
125 3
838 147
603 55
361 460
882 274
79 291
726 427
943 19
164 995
641 348
459 10
573 610
649 858
20 318
523 694
364 940
618 218
895 859
528 797
568 777
856 529
994 338
706 233
649 658
220 479
545 869
845 510
650 252
465 697
287 850
843 271
463 70
470 643
493 420
29 51
68 647
628 484
572 813
808 823
587 121
484 471
781 540
746 183
606 852
442 811
502 395
892 835
724 57
578 228
300 74
568 878
923 364
11 858
932 99
360 566
130 746
330 875
973 839
26 646
564 355
193 817
15 291
292 390
514 411
879 29
156 252
308 536
94 794
86 827
701 21
400 883
959 908
650 832
767 387
598 265
711 154
219 563
7 372
830 635
802 572
405 994
335 334
6 879
368 62
850 124
3 879
390 534
984 632
296 963
523 878
257 111
304 834
754 296
305 73
344 542
158 241
328 486
630 634
517 221
285 712
907 716
509 393
27 909
355 838
860 218
720 541
711 557
573 644
725 496
735 524
391 560
392 144
382 963
408 94
788 151
436 64
73 247
118 397
745 232
630 877
779 930
90 539
197 833
2 401
995 41
797 500
353 480
650 404
60 490
822 689
969 160
779 609
321 369
573 390
390 697
935 58
400 14
3 561
289 953
232 998
950 967
966 983
631 867
387 315
983 495
385 119
484 139
613 699
801 653
405 51
651 192
857 408
171 636
689 210
41 577
712 447
209 843
789 122
314 702
170 198
936 89
312 485
269 646
292 847
734 877
209 63
216 877
81 360
383 543
779 830
938 439
291 600
262 579
479 404
896 678
926 779
361 252
300 68
684 112
552 160
727 536
786 662
406 592
736 580
268 392
452 427
859 524
52 49
350 19
123 66
246 416
909 496
914 482
603 888
771 884
349 862
743 306
787 927
483 699
401 133
321 194
588 670
671 261
145 687
928 394
121 808
528 473
226 190
41 983
134 832
743 771
798 985
416 468
866 659
108 45
715 769
762 389
660 58
950 950
646 591
675 667
387 748
609 532
461 819
363 895
787 280
826 511
826 272
205 811
55 300
890 308
818 891
692 50
271 89
714 68
494 80
208 779
574 306
172 648
57 523
315 766
699 63
621 53
772 457
811 462
518 51
787 91
610 243
636 698
356 431
70 954
843 839
122 202
734 697
983 580
263 471
625 121
402 586
63 479
824 51
213 671
561 153
878 781
417 215
119 458
800 843
843 748
790 325
513 118
734 635
373 913
660 949
326 1
630 172
129 544
674 337
221 410
244 634
887 698
580 102
746 749
767 690
217 952
874 239
581 389
736 735
358 558
21 903
820 398
568 145
7 745
230 177
482 346
825 471
132 13
740 764
637 413
23 567
570 433
411 430
397 987
847 5
811 771
721 521
581 44
980 58
627 792
580 894
253 188
636 285
539 500
336 146
283 719
269 468
957 783
700 173
736 920
191 824
812 167
626 269
896 270
990 598
9 695
313 971
409 320
436 773
15 360
147 45
623 386
548 661
195 151
108 988
277 769
46 368
401 405
349 825
126 745
752 370
182 21
638 437
398 376
79 785
938 908
459 829
422 49
255 172
784 243
147 758
703 277
1 61
749 93
131 900
294 64
892 873
251 68
17 718
506 479
529 399
735 610
390 869
91 89
344 321
643 392
107 79
577 114
888 800
498 892
774 704
353 490
391 137
640 572
547 498
50 732
934 357
223 36
103 671
346 809
381 103
43 674
934 167
177 776
219 144
71 641
521 19
17 632
588 819
603 615
691 889
674 527
522 189
971 151
512 558
121 990
990 759
949 255
367 14
278 187
142 713
450 400
39 771
844 394
518 237
701 117
362 70
723 773
368 637
33 941
644 358
130 701
84 756
890 472
851 884
692 11
84 97
837 881
862 376
698 742
253 292
709 682
990 336
263 997
99 62
576 784
327 740
616 312
546 676
458 620
439 27
396 179
228 219
597 532
507 974
317 845
266 109
554 703
52 334
894 737
837 372
433 559
490 666
47 610
332 561
431 281
225 351
900 872
340 379
852 576
967 595
89 220
386 811
561 123
853 774
242 905
88 95
141 158
371 318
792 295
51 27
438 798
113 941
950 466
152 398
936 648
656 922
629 126
627 945
350 563
38 411
925 416
52 885
712 934
426 402
571 92
536 615
693 518
425 694
724 745
151 17
102 791
482 419
309 484
856 7
392 944
24 285
444 161
143 558
291 6
439 292
280 482
369 461
50 111
817 569
892 836
173 203
299 246
656 321
305 544
7 15
909 441
684 526
144 791
606 766
565 155
502 804
224 125
600 628
683 850
854 219
596 195
11 632
391 785
594 177
447 295
778 445
618 300
106 208
974 261
992 861
658 561
522 954
502 207
799 556
852 436
827 596
838 864
398 835
834 358
947 571
843 578
615 899
412 464
573 869
364 674
602 10
560 331
480 970
574 521
622 550
817 62
256 578
746 499
436 530
580 538
936 904
749 778
46 188
891 4
742 600
651 926
870 583
247 180
881 450
65 187
834 168
147 595
477 862
112 440
191 554
974 90
73 197
77 294
635 304
672 272
122 421
803 321
321 68
27 749
227 299
500 42
602 42
993 302
922 792
414 34
429 925
601 643
24 429
762 209
430 729
893 695
761 755
467 371
215 848
141 81
9 690
666 99
10 430
830 242
679 427
778 386
897 101
619 156
987 872
411 725
496 554
836 197
510 643
523 490
455 991
808 164
577 786
613 757
322 322
6 989
714 484
233 311
815 177
473 957
897 321
410 888
681 57
148 573
78 384
762 619
82 834
350 608
499 797
416 676
73 23
381 536
830 276
105 246
655 318
588 588
426 596
328 138
665 492
189 994
788 777
694 881
30 5
786 426
227 15
497 857
850 136
854 704
639 565
354 407
414 741
590 999
874 90
10 379
595 822
235 942
381 304
936 302
4 834
154 631
438 639
701 476
557 371
744 658
887 822
85 609
898 995
457 916
69 745
221 403
687 802
608 744
888 653
953 468
568 243
847 493
59 802
494 101
468 733
771 126
637 245
292 555
512 730
284 830
344 445
836 402
277 224
913 661
178 273
463 560
52 225
310 728
594 732
990 826
105 170
506 279
66 462
59 934
428 530
571 856
977 472
727 909
964 461
426 250
22 887
607 438
613 896
884 600
406 796
658 409
918 527
293 119
970 163
283 887
79 850
136 634
30 128
616 269
422 882
321 747
358 839
937 817
152 985
139 13
672 989
876 823
343 407
892 962
388 130
524 836
207 823
965 209
396 486
558 129
3 505
379 442
173 53
492 23
923 545
998 35
414 765
206 571
495 948
846 733
688 959
619 901
363 777
713 769
51 987
601 934
644 321
853 134
95 378
284 268
220 879
165 343
81 798
890 95
404 467
812 895
759 148
143 476
607 650
495 396
80 109
184 988
234 965
650 893
837 360
715 612
824 358
169 519
323 698
360 190
60 290
219 870
751 254
180 794
793 74
330 608
134 801
945 672
939 387
172 919
467 148
819 334
314 132
118 929
700 869
557 25
719 6
380 112
100 713
463 527
833 844
934 874
616 153
429 271
75 776
32 22
122 134
71 512
736 808
440 678
728 143
556 509
585 143
797 618
412 889
820 487
800 927
865 176
147 496
19 717
546 651
523 263
134 668
345 779
852 426
705 94
519 40
709 193
518 866
655 44
248 614
747 605
798 509
446 407
198 415
365 410
906 535
569 210
654 443
358 614
321 76
594 911
263 318
122 2
222 49
60 1
224 432
325 650
843 368
899 467
959 315
526 103
939 399
997 690
598 88
742 551
429 550
461 166
164 181
610 985
845 328
584 551
612 49
577 287
690 519
155 855
666 246
678 202
858 363
450 208
983 23
637 888
521 899
640 694
212 4
335 485
211 791
720 651
711 806
451 884
676 389
603 173
30 802
494 547
385 371
36 859
462 225
630 727
407 701
86 721
684 898
901 132
991 62
636 211
556 674
676 787
914 688
128 365
182 976
726 990
858 602
600 643
562 622
702 991
884 883
410 880
144 575
447 713
513 727
719 800
941 548
737 414
218 266
544 257
491 510
409 690
99 478
934 955
956 812
260 509
638 923
695 496
916 26
991 425
373 749
347 375
154 518
735 473
429 531
126 649
577 795
805 274
365 899
84 155
502 903
992 822
653 461
705 272
289 775
127 611
494 197
407 36
477 163
790 616
949 868
289 763
276 824
742 713
173 17
464 85
824 35
101 241
690 648
836 23
586 576
130 119
26 666
399 426
782 405
339 580
491 246
992 738
411 6
309 496
442 31
869 78
612 395
108 314
476 795
874 427
692 757
228 800
972 332
715 935
781 209
25 784
443 598
608 7
75 751
778 967
353 352
883 258
430 46
900 64
592 126
498 462
539 943
427 667
617 484
663 834
508 144
167 274
248 576
812 567
289 935
130 167
637 701
972 507
836 379
841 507
373 55
656 962
565 950
274 597
27 562
647 750
170 742
507 121
768 638
757 766
437 686
835 605
688 371
819 583
310 683
241 49
819 243
8 578
203 155
192 235
389 518
819 126
428 842
12 406
775 91
760 621
552 732
294 30
533 744
409 384
531 754
351 725
237 856
860 432
318 958
118 529
707 824
181 40
250 239
795 789
241 915
274 634
355 124
75 203
647 103
395 93
293 743
257 166
424 829
123 27
277 461
783 30
787 825
695 778
82 715
363 495
993 746
585 518
563 188
268 977
586 599
442 611
584 214
647 602
659 441
378 256
816 9
434 679
160 234
935 420
100 717
895 506
470 761
547 18
77 686
975 66
880 440
219 463
81 95
229 130
94 317
503 60
209 225
380 129
583 908
664 383
755 366
269 620
625 135
905 96
767 183
715 982
36 5
650 699
461 942
74 83
460 137
443 560
139 980
538 251
518 115
954 511
646 31
785 769
41 683
270 802
487 52
787 350
424 331
90 210
239 67
72 739
300 304
268 708
819 732
639 268
548 353
625 10
505 978
739 800
943 652
282 62
120 77
770 743
468 106
191 127
123 567
651 800
439 736
931 974
292 242
425 131
221 79
280 919
346 649
581 448
755 261
96 800
679 171
96 679
723 45
10 393
98 450
144 575
350 552
53 744
24 450
23 547
80 166
946 353
191 318
66 983
215 460
824 222
658 56
803 818
141 941
367 722
38 81
829 990
248 80
552 221
615 823
449 630
541 180
403 732
414 496
720 819
541 253
695 253
840 747
891 812
486 291
93 536
587 770
806 976
145 652
331 140
887 868
359 769
831 35
718 516
945 42
508 515
351 480
601 177
885 705
242 40
854 905
772 709
51 187
884 210
345 745
878 132
523 229
661 188
994 575
595 418
400 223
251 955
698 637
514 717
25 454
528 670
188 512
917 570
656 491
261 134
951 959
949 495
364 413
739 77
337 425
797 808
280 790
324 344
758 904
684 150
836 323
889 940
186 698
56 132
424 205
816 984
178 762
184 535
253 930
59 350
159 737
876 323
11 728
689 815
826 909
365 256
157 873
180 348
642 15
232 438
902 566
64 781
441 571
150 916
104 165
7 311
182 789
54 679
689 912
802 468
987 431
607 263
222 330
236 614
940 691
578 6
673 606
874 126
640 280
932 895
385 359
863 215
25 82
303 281
627 286
6 672
770 951
550 167
833 726
879 739
26 256
420 41
314 71
425 554
892 924
241 389
825 206
101 933
637 322
19 990
759 417
6 315
310 10
29 562
932 961
927 626
438 935
665 972
441 111
550 284
542 669
70 794
472 505
974 572
746 406
441 84
835 903
702 461
457 427
191 119
864 499
908 330
259 324
487 920
814 749
338 824
275 791
542 288
302 112
636 435
750 615
24 247
26 932
144 771
673 373
361 168
427 172
608 531
251 203
405 642
736 586
345 144
330 679
323 453
606 718
283 112
328 598
256 99
544 616
50 13
219 842
126 395
898 789
815 834
11 521
910 988
836 422
791 720
736 939
220 636
226 14
841 732
918 319
222 627
254 709
66 118
62 928
860 166
744 449
801 147
905 3
361 727
936 489
539 177
866 313
883 349
921 935
541 427
990 333
580 897
756 60
682 487
25 272
336 573
225 721
739 774
315 823
515 418
519 294
744 694
543 182
888 588
253 929
340 671
570 580
56 904
548 996
766 55
940 101
514 538
838 653
443 513
460 105
583 397
320 263
151 777
977 550
811 836
831 996
10 52
695 229
110 796
21 51
412 662
646 117
880 497
844 365
868 909
918 363
850 318
341 358
313 37
386 324
516 435
218 262
77 8
121 466
208 92
227 15
168 885
671 309
508 253
914 443
257 322
875 97
352 210
415 833
796 210
795 806
252 54
53 901
392 653
325 423
187 993
544 831
487 563
777 589
117 219
565 364
418 669
498 450
416 127
674 597
732 445
388 516
525 634
359 599
125 488
295 646
551 972
317 126
372 876
210 676
104 434
677 95
239 56
170 704
805 538
176 323
455 934
389 318
493 102
958 479
678 578
782 831
793 981
644 38
510 514
295 814
943 3
959 605
907 300
113 704
993 317
397 13
828 988
29 703
261 274
847 501
353 95
445 166
772 395
697 912
537 773
290 658
973 652
58 702
343 638
424 837
136 36
979 285
656 193
851 369
536 500
162 535
228 768
986 408
122 573
928 256
771 452
324 481
332 952
663 505
864 955
123 903
851 986
416 566
78 218
94 883
532 981
163 465
625 299
382 663
296 856
921 357
616 461
213 962
200 467
122 209
626 990
602 645
275 404
405 672
356 145
382 695
303 945
437 428
267 61
169 407
25 705
242 747
13 710
397 510
289 646
284 279
146 826
298 278
775 11
454 168
351 599
719 183
257 937
645 273
315 835
516 416
763 753
466 567
317 198
51 18
583 995
436 224
673 357
329 923
363 692
795 498
192 516
492 817
112 782
494 257
283 609
755 866
473 856
204 698
553 846
92 561
483 367
701 779
850 186
32 52
626 416
15 342
139 502
930 434
256 226
700 544
489 836
125 49
765 780
542 438
849 877
424 354
335 509
956 946
213 653
977 621
823 722
875 2
310 289
165 504
333 990
462 493
699 992
32 508
34 438
840 323
962 824
55 449
137 404
22 94
555 614
619 399
61 358
578 663
939 833
162 622
57 246
747 676
684 443
946 330
30 500
206 251
274 376
988 136
658 771
517 625
103 984
205 650
620 827
164 504
980 359
454 41
312 207
300 567
999 844
203 42
110 415
606 812
944 748
173 488
209 510
49 246
552 538
246 607
400 803
799 711
636 591
932 575
561 339
276 871
676 527
714 624
663 748
230 115
12 730
297 705
700 256
775 411
55 696
152 653
234 570
327 736
808 826
24 57
167 632
686 7
564 882
706 240
69 979
106 908
157 986
615 912
502 748
428 923
782 951
254 280
476 968
259 593
297 824
196 16
889 274
81 441
636 330
40 743
408 61
289 211
326 207
230 821
188 435
376 838
428 589
228 134
84 992
845 31
413 902
356 638
264 929
458 722
41 387
854 80
444 245
633 689
663 444
816 367
467 598
299 957
932 792
929 474
90 304
953 493
10 826
663 794
225 30
768 632
8 200
779 843
374 526
296 301
867 574
365 555
950 317
291 141
269 973
668 434
481 336
759 335
561 663
665 103
705 551
579 680
901 864
468 343
87 817
119 682
500 679
179 886
680 935
396 726
363 190
851 355
491 132
412 375
424 869
217 382
163 809
236 103
813 100
45 454
898 376
353 553
972 199
17 29
417 187
459 760
684 112
692 420
352 547
363 833
413 511
187 513
718 989
394 103
396 88
117 832
783 333
907 932
718 834
20 769
670 575
419 294
703 697
215 288
203 780
552 833
935 464
925 694
335 11
83 290
290 85
992 406
504 335
661 136
992 252
740 278
386 699
226 911
936 673
952 872
530 900
591 959
946 123
566 891
507 706
863 913
162 732
391 742
235 36
9 997
768 675
526 448
485 624
876 840
315 698
386 147
378 560
687 579
937 958
168 559
726 705
961 979
247 66
388 298
929 134
497 594
82 165
880 732
790 790
179 632
480 480
3 352
824 630
334 318
53 114
807 937
965 779
52 403
168 233
629 121
720 309
90 966
104 729
159 495
558 389
486 44
294 506
589 739
248 644
732 945
231 792
584 928
389 636
621 924
641 232
792 8
76 25
664 4
62 871
847 384
592 956
924 237
917 498
676 450
638 314
684 912
848 723
714 478
186 13
79 376
420 87
816 24
333 25
365 692
611 509
568 648
68 104
829 858
517 638
779 343
316 958
500 152
591 861
805 59
471 223
547 457
314 858
516 914
352 427
719 952
737 733
4 162
624 630
582 414
495 147
74 263
774 617
833 582
411 67
94 897
655 647
466 572
730 714
223 110
978 244
663 773
582 858
257 918
840 5
887 163
872 320
176 972
78 55
5 264
365 269
522 714
270 969
467 512
25 581
177 143
794 500
971 585
671 537
707 655
991 50
137 81
246 388
316 690
282 26
866 334
255 625
346 833
218 421
118 658
885 550
46 488
390 214
185 878
74 232
347 391
918 81
231 532
437 692
443 8
643 181
455 803
734 81
293 800
8 603
617 746
450 903
525 841
744 334
577 555
886 566
522 585
463 174
199 656
187 295
605 776
548 333
137 256
133 228
520 428
942 17
610 224
562 694
269 206
730 748
384 906
506 951
812 83
199 542
116 88
311 522
252 837
477 7
152 701
480 318
933 728
172 247
901 92
24 142
571 407
356 397
874 134
496 406
911 124
924 886
614 618
495 134
615 124
273 218
51 916
839 931
507 8
179 447
202 631
75 67
550 142
368 559
372 410
286 767
583 814
891 834
382 562
462 871
859 157
354 960
68 24
462 164
34 60
701 944
650 759
775 991
311 505
264 275
798 130
942 557
596 49
608 447
777 180
575 708
704 251
963 731
142 431
582 719
915 342
636 793
175 314
6 428
685 944
702 709
92 698
851 856
900 690
651 705
215 944
528 320
164 34
121 155
905 190
530 526
281 341
655 687
231 488
761 623
702 65
374 563
420 342
497 804
130 983
149 75
486 130
479 854
302 588
168 802
902 484
194 337
501 342
245 584
653 732
981 526
33 689
936 492
427 714
920 801
77 8
771 638
760 261
210 931
617 146
524 397
553 119
590 30
84 722
853 767
625 170
875 575
629 912
259 352
553 779
816 898
927 441
144 18
992 427
560 543
786 639
424 700
144 738
198 544
939 223
400 568
853 125
695 833
210 905
153 878
928 273
552 776
952 903
498 562
145 381
199 265
486 123
108 483
250 233
992 893
926 349
660 854
692 782
945 831
266 903
933 84
380 610
791 49
392 175
669 107
968 169
420 977
28 707
248 100
862 229
996 831
803 224
495 58
732 985
828 229
739 496
649 106
137 782
244 520
599 232
832 929
554 753
350 286
823 310
234 736
80 716
409 958
597 672
469 722
24 478
979 184
482 332
357 814
882 879
9 247
153 695
480 766
418 342
667 31
377 322
754 265
189 214
875 277
67 780
962 859
944 253
869 464
767 312
167 384
778 944
126 488
601 459
547 591
828 164
66 722
432 96
189 99
268 377
612 762
791 541
229 626
781 523
505 97
733 66
135 435
657 437
114 441
783 333
128 279
419 965
738 745
9 353
725 989
50 668
207 398
427 85
481 152
840 71
564 737
453 417
945 951
791 307
338 805
947 753
916 515
704 146
56 532
580 509
340 485
374 172
608 45
648 425
990 193
838 133
111 925
233 808
291 181
496 934
553 427
169 626
317 535
834 511
981 538
385 141
346 3
339 950
565 564
496 509
369 127
317 398
779 262
568 720
877 375
238 74
909 887
414 843
682 738
849 749
326 258
207 751
848 995
902 502
855 801
768 610
317 382
517 388
248 963
244 38
623 182
744 554
713 704
838 907
128 43
527 104
840 517
249 34
790 87
797 905
403 404
302 110
331 161
674 158
716 600
293 953
16 324
417 535
975 980
490 731
197 349
614 248
989 414
754 785
678 223
246 224
313 89
568 697
756 475
109 129
309 621
571 174
972 107
925 608
302 933
372 29
523 192
72 251
466 442
716 724
73 616
166 265
129 405
114 456
595 588
864 787
759 75
988 282
948 846
110 883
832 529
842 379
221 6
470 774
821 542
443 827
670 31
614 557
977 53
114 496
379 423
855 757
493 973
684 807
794 952
597 455
142 684
244 860
722 120
682 82
321 174
520 105
760 488
297 648
159 837
52 116
306 90
271 131
480 187
960 609
755 316
677 334
493 482
640 768
259 620
581 990
496 785
621 1
88 336
749 166
349 297
137 495
955 45
850 995
891 884
205 519
602 483
709 653
550 179
118 182
826 793
210 338
826 788
529 898
302 10
614 701
464 291
208 342
909 105
563 51
731 903
628 913
819 574
507 934
187 708
686 915
732 772
566 894
245 637
888 756
675 955
106 967
880 285
964 938
777 889
249 273
595 205
148 844
83 935
725 340
239 585
653 14
608 665
703 591
957 360
832 631
94 87
202 963
170 775
981 50
217 267
254 343
10 490
796 470
780 673
763 546
406 817
530 190
745 108
666 739
723 147
506 693
768 811
885 700
585 495
11 229
239 707
304 536
716 342
482 837
841 980
485 353
547 343
373 192
902 588
902 367
29 681
864 905
391 554
355 452
593 395
607 60
609 227
820 687
92 970
526 129
525 195
864 605
110 945
998 707
464 287
864 610
260 270
691 82
737 152
540 516
886 118
232 161
306 818
840 823
26 74
917 23
268 501
585 30
666 689
226 622
787 975
709 777
276 141
357 110
252 924
397 791
470 151
488 116
938 768
18 687
201 621
241 659
269 993
580 665
668 688
590 581
991 166
589 21
597 330
982 356
750 598
949 644
859 139
109 918
859 246
826 548
917 758
728 422
866 764
978 574
326 784
5 698
96 210
535 278
126 151
703 708
787 528
660 321
598 696
499 725
971 971
185 323
101 218
840 144
233 880
732 424
743 819
56 843
705 731
748 639
464 446
744 817
939 683
400 694
842 8
428 210
853 507
500 177
760 900
710 689
688 321
471 636
530 186
311 742
532 991
505 58
505 297
785 103
579 983
997 253
328 931
372 279
159 652
190 431
146 268
753 383
60 841
825 702
998 882
643 776
133 187
503 673
950 842
711 989
80 771
527 351
346 97
963 90
660 322
633 24
904 562
811 210
398 127
507 890
469 426
64 583
633 604
729 360
698 118
442 21
963 842
159 319
915 979
608 518
533 374
388 199
294 670
774 374
798 528
532 95
667 94
404 444
983 938
879 155
814 443
981 889
53 752
987 749
129 52
638 980
440 464
815 575
738 15
982 25
140 575
272 410
964 16
595 943
439 831
749 194
503 855
141 291
372 719
418 66
509 374
597 602
936 665
598 549
126 230
649 161
314 822
853 403
484 729
566 876
811 978
765 529
95 309
574 470
500 721
154 794
459 764
337 102
113 284
272 450
681 771
945 72
215 866
436 460
456 373
678 148
293 743
574 527
631 20
509 492
779 664
392 208
765 398
729 940
306 997
217 796
573 692
217 457
838 811
553 946
625 895
29 646
828 833
185 131
308 428
651 957
510 377
364 871
864 674
722 13
489 446
786 877
530 776
658 358
540 80
818 816
170 82
187 963
587 993
346 87
674 228
178 149
462 616
725 345
348 814
840 823
386 24
711 103
560 537
151 94
629 295
590 529
310 394
946 910
209 728
4 795
610 392
952 812
659 607
531 920
284 879
376 28
186 273
14 36
394 731
87 712
180 167
205 770
418 296
408 223
273 534
796 252
745 470
348 137
757 69
755 948
635 479
476 315
582 835
354 990
813 901
481 225
573 668
881 244
86 535
760 741
737 866
137 333
236 678
544 726
422 36
296 607
836 808
881 434
627 482
77 683
85 619
64 804
342 168
621 453
776 326
558 660
305 348
230 171
861 836
831 626
512 579
943 35
119 393
668 924
178 162
911 728
754 7
705 146
784 857
520 160
223 109
397 567
18 31
236 561
443 727
293 672
265 579
678 7
980 333
437 966
173 390
954 613
162 349
869 747
143 971
405 576
949 212
299 885
502 989
361 758
267 209
950 293
408 185
332 155
594 538
769 660
14 759
633 625
766 689
101 743
96 828
514 493
768 773
740 707
111 551
609 527
90 136
492 695
714 626
935 548
525 881
482 10
184 976
441 319
344 822
684 834
619 956
413 102
479 89
440 868
683 771
140 944
736 661
239 295
142 766
467 930
297 786
831 342
894 118
876 242
83 13
197 781
130 725
75 47
20 436
485 218
621 752
629 17
870 800
838 80
582 995
272 260
983 378
92 97
278 498
513 627
132 351
509 548
753 811
55 595
807 105
260 522
210 258
509 47
228 816
462 747
571 947
611 296
185 337
947 695
996 604
256 542
746 85
164 560
760 180
185 270
863 269
917 426
180 927
516 644
482 463
959 537
112 38
383 586
274 898
619 911
478 291
83 960
323 301
185 837
518 457
95 265
255 449
281 78
319 922
741 650
173 378
895 830
467 835
955 195
142 351
763 95
228 479
135 829
217 911
265 12
478 167
491 8
345 451
876 162
735 472
761 223
599 257
398 799
208 342
747 104
477 271
18 245
400 570
852 61
612 319
162 902
146 90
419 968
659 588
738 552
996 189
598 227
64 222
612 862
172 208
972 840
40 700
772 382
468 944
985 804
218 281
961 954
751 523
489 35
80 939
160 369
986 851
59 975
591 216
21 875
797 472
353 465
134 646
624 901
204 558
106 541
866 856
378 410
889 530
391 127
136 11
10 389
497 797
852 502
777 258
776 186
447 789
548 956
57 31
506 700
285 387
482 593
149 100
907 385
925 208
700 413
195 809
430 375
326 156
170 914
176 669
396 744
485 654
481 733
221 189
651 239
826 768
918 856
357 334
584 48
555 409
791 973
488 159
598 396
23 200
421 561
932 857
996 967
913 80
318 645
642 619
148 189
608 238
673 385
636 958
265 763
400 712
798 251
563 725
808 772
951 858
333 596
142 687
800 968
466 333
329 695
257 505
649 241
114 323
972 700
276 27
329 784
15 50
852 11
154 762
752 244
320 206
400 443
9 764
717 159
16 765
175 858
776 173
167 763
15 8
846 201
939 17
201 520
124 950
578 531
556 262
605 109
51 773
829 290
157 564
664 646
476 915
455 57
910 94
927 92
1 376
355 375
767 667
488 32
46 767
73 729
753 614
267 496
116 60
580 986
675 507
663 275
250 790
186 161
355 108
190 658
357 942
397 512
590 757
649 305
566 948
460 580
70 670
683 711
448 118
833 402
452 858
641 236
715 327
41 973
384 17
625 808
747 461
322 505
812 646
519 20
339 169
387 523
12 17
741 623
551 511
594 30
826 976
537 841
840 3
432 863
392 770
986 547
308 502
132 753
545 605
927 129
846 835
175 432
283 360
17 124
481 590
102 874
432 61
769 324
203 554
143 484
888 221
835 183
31 627
587 258
617 717
100 724
936 846
913 447
262 151
758 751
846 281
265 468
17 985
177 669
139 680
640 405
30 103
458 442
146 639
415 744
89 805
140 101
523 594
725 661
225 788
719 59
776 105
544 736
28 220
559 913
578 903
984 754
719 254
148 872
687 654
526 703
420 991
323 188
727 907
139 20
818 475
774 806
337 292
464 729
649 911
902 829
617 663
723 239
226 625
798 678
776 745
480 8
9 875
409 364
625 607
378 850
90 831
120 635
391 840
325 142
832 451
706 821
592 434
261 86
258 63
602 319
846 339
781 557
713 122
137 316
320 727
402 536
678 472
902 94
732 959
970 691
734 168
728 821
979 772
342 951
651 273
937 784
550 648
957 225
918 879
919 297
971 908
352 370
238 327
918 657
247 855
421 310
219 766
265 948
922 345
509 256
368 186
545 665
943 970
804 555
69 742
769 78
281 553
634 867
643 563
871 523
633 330
93 952
753 103
226 258
418 354
283 697
365 523
237 390
207 970
315 306
823 642
913 849
507 339
270 841
537 823
947 46
245 650
175 625
784 585
403 151
628 503
956 73
32 932
480 216
596 894
530 706
54 491
524 211
751 18
96 498
647 708
895 739
399 593
562 432
85 51
602 609
913 913
180 111
856 38
38 424
818 984
368 529
892 474
567 434
344 402
937 560
210 195
545 509
597 306
733 484
470 319
93 211
682 69
232 53
140 341
526 629
626 966
790 564
328 540
458 401
48 500
30 505
255 223
657 880
465 244
19 787
509 770
70 740
109 383
68 470
774 974
543 368
797 132
708 564
682 992
306 233
336 932
869 648
543 615
258 909
726 182
639 271
30 983
8 16
10 272
819 826
533 951
560 197
29 319
283 866
298 565
858 605
516 612
225 184
377 50
688 835
826 726
157 816
700 789
635 785
173 431
803 901
85 446
222 66
326 282
849 568
389 348
30 754
32 948
982 722
392 458
810 602
416 118
336 130
190 833
659 586
62 715
29 895
295 208
171 682
240 685
443 933
508 11
763 99
734 210
672 859
692 317
920 285
130 558
744 568
296 801
818 458
325 134
506 800
147 408
958 294
483 985
286 702
955 12
319 535
644 517
820 659
999 458
245 415
542 447
197 613
755 3
163 8
280 279
927 189
378 786
179 917
8 867
422 741
887 977
982 29
593 670
751 641
226 973
311 592
68 522
592 71
322 309
266 293
755 297
551 830
903 125
425 687
990 521
773 119
518 783
222 379
160 33
95 974
670 500
671 304
208 266
82 440
578 129
12 896
564 974
829 31
264 426
150 779
730 388
573 476
50 690
868 764
791 583
841 245
223 231
538 781
194 411
982 761
576 295
342 97
671 671
313 102
895 483
663 989
536 146
882 183
768 265
707 952
789 840
479 361
157 874
279 327
949 964
678 413
563 83
444 49
662 479
299 65
992 840
468 941
468 330
36 208
696 916
734 695
130 879
829 507
787 709
274 892
532 506
952 481
220 213
380 239
878 938
714 636
720 950
919 734
439 500
221 59
550 554
116 743
805 453
265 813
380 756
949 174
558 567
502 600
730 272
376 290
267 920
644 847
114 864
430 271
283 909
488 635
480 508
325 832
417 63
316 347
490 621
867 16
426 811
290 940
768 132
729 301
979 499
509 6
243 705
62 212
359 520
42 988
164 503
177 132
96 821
58 644
601 969
47 800
119 346
711 626
790 996
916 176
886 390
518 387
37 216
593 772
969 545
184 772
890 439
166 748
162 215
955 617
391 424
792 860
18 863
3 364
872 657
205 211
423 366
833 57
826 331
624 31
539 1
183 202
131 3
77 645
882 734
917 112
979 502
13 419
841 640
820 225
787 663
745 544
880 549
995 168
577 96
267 668
466 251
370 496
565 616
810 826
237 461
387 989
887 255
791 201
393 784
289 204
144 989
338 815
47 711
609 596
942 552
696 219
839 346
156 955
2 181
689 161
743 614
103 725
894 811
958 280
890 932
654 449
800 296
234 788
544 333
492 70
117 453
433 919
127 77
818 524
816 886
234 75
294 456
295 243
435 901
407 454
593 518
870 795
85 907
162 80
830 15
715 847
936 75
61 685
390 845
391 456
991 635
555 356
192 448
446 804
874 214
223 293
292 481
889 107
223 467
577 865
793 666
954 924
228 156
416 670
19 775
987 287
713 385
13 636
787 72
987 147
462 727
256 373
499 172
538 501
96 174
831 407
720 995
166 236
424 728
872 161
630 847
529 608
544 182
351 888
507 738
524 837
305 149
197 760
737 203
113 511
491 130
481 96
446 209
500 934
662 204
327 709
438 687
866 449
25 706
716 679
829 497
991 479
924 429
338 60
423 478
797 817
228 562
982 541
21 63
445 840
456 696
174 956
565 634
694 1
721 510
502 936
790 638
953 945
154 462
738 984
738 596
359 293
453 35
578 273
356 495
26 840
936 700
719 322
829 67
594 349
85 655
442 313
774 50
894 749
784 490
677 345
813 855
742 461
788 66
731 485
238 39
785 623
163 615
750 9
110 315
862 314
238 383
362 594
979 868
992 984
661 57
855 570
869 708
140 958
176 479
74 275
752 650
89 38
130 500
799 142
911 278
378 546
1 771
363 579
808 367
108 826
160 866
141 511
913 878
888 604
109 165
88 628
195 577
727 836
690 861
647 915
671 322
647 798
684 782
523 764
131 235
238 941
982 674
468 543
702 765
378 938
674 210
887 51
946 354
893 443
61 865
759 411
488 444
322 878
277 593
907 547
515 533
818 621
578 973
62 253
382 476
84 214
384 479
858 908
127 355
634 421
39 252
462 74
491 353
435 462
752 794
499 127
679 632
889 908
78 447
668 774
978 991
487 961
932 313
766 638
138 462
95 933
34 89
647 681
750 783
986 199
632 237
697 439
78 894
355 311
136 718
364 883
128 994
398 528
384 64
128 440
465 570
499 9
292 281
435 497
848 775
269 79
494 301
579 806
48 531
786 938
553 158
584 332
570 736
22 931
840 560
314 843
20 370
348 603
608 129
578 699
773 358
41 610
963 569
385 507
504 321
48 774
934 43
776 447
24 964
140 795
235 187
481 468
58 958
964 343
610 55
483 434
431 408
772 86
793 269
508 407
695 487
744 784
686 121
960 257
518 771
491 991
101 875
115 501
692 887
493 916
303 508
76 311
743 941
900 576
396 555
356 322
475 427
406 769
75 875
24 322
327 189
264 112
649 165
732 613
754 718
455 526
316 562
745 191
669 321
566 866
322 262
753 780
469 403
962 874
432 498
532 387
642 506
597 996
312 856
30 452
199 724
978 790
157 629
253 837
257 154
8 438
663 397
315 64
250 983
291 926
368 706
226 132
338 508
329 82
427 687
184 126
475 246
135 684
29 100
792 920
561 734
945 99
138 974
362 185
85 95
802 655
901 227
458 572
257 136
735 192
241 997
278 13
328 164
60 704
999 461
910 933
21 460
986 940
892 981
288 239
921 457
161 491
114 991
321 793
465 138
204 809
724 522
296 756
87 913
439 510
423 128
983 239
667 13
765 79
443 851
358 875
85 461
918 328
690 369
84 574
609 364
99 118
389 291
111 622
609 32
570 340
334 728
946 594
608 436
648 500
422 771
20 898
975 553
160 637
178 715
874 777
516 30
82 508
769 159
458 336
626 840
270 893
173 853
691 60
535 912
729 727
907 976
441 16
974 931
552 928
470 959
858 871
856 425
826 903
868 255
988 171
207 616
999 604
631 519
31 933
302 366
212 267
145 225
20 922
711 496
844 655
389 581
265 227
575 302
286 103
459 433
573 958
144 72
115 351
77 907
247 291
771 798
188 579
62 869
665 904
115 22
398 260
348 278
26 26
133 232
111 64
77 48
160 357
819 921
31 12
12 371
593 812
447 44
847 421
51 429
237 813
840 949
807 122
154 503
172 914
975 731
791 305
983 627
103 140
150 438
66 8
970 87
711 233
647 920
642 258
538 173
424 47
637 62
520 283
370 86
21 92
306 104
467 418
294 514
473 291
448 49
975 29
869 895
549 491
70 925
41 951
41 22
180 950
893 955
654 712
758 171
67 339
854 555
401 283
275 504
12 702
741 553
513 814
160 700
649 191
308 665
574 376
322 321
911 689
26 977
967 366
447 995
734 681
848 441
24 45
418 620
700 217
212 191
940 766
340 225
113 17
259 652
371 771
366 25
545 186
160 662
528 114
337 618
73 762
392 21
71 156
942 656
198 298
688 591
105 192
729 570
222 420
752 269
739 786
896 552
591 61
332 128
362 92
425 874
128 795
284 346
602 287
194 373
445 302
864 485
653 423
838 325
508 624
207 557
517 34
554 262
6 483
317 531
500 465
697 881
123 123
879 131
316 129
152 875
459 270
668 247
724 540
314 763
342 451
548 622
384 781
491 75
460 804
300 99
857 193
552 451
854 478
631 174
446 26
623 192
312 349
80 227
274 798
603 520
871 194
280 43
911 923
93 770
539 178
628 982
689 53
494 391
488 741
261 479
406 196
207 281
716 158
772 302
73 815
55 288
448 427
877 810
606 380
995 209
427 89
282 949
67 422
309 300
655 384
359 636
503 116
676 20
609 391
173 500
535 303
277 727
606 114
771 995
828 314
231 462
933 974
479 173
436 224
102 140
654 575
22 984
76 775
640 740
720 597
655 365
81 151
135 402
390 350
232 449
372 431
280 842
326 626
126 987
535 871
101 547
299 384
541 132
597 183
603 235
854 681
872 381
530 234
170 797
315 855
483 897
395 420
100 853
270 396
492 920
920 908
287 823
674 596
415 374
404 649
581 147
533 382
223 60
406 682
753 606
672 718
525 592
521 189
488 197
932 485
642 223
868 392
796 323
402 617
268 88
256 805
778 68
206 664
50 988
756 522
116 146
767 62
178 607
42 534
127 48
770 738
551 680
805 589
166 807
245 981
881 417
400 642
413 570
962 810
161 538
576 49
387 300
17 253
262 79
623 517
547 674
632 545
131 118
752 931
258 497
792 990
295 49
9 410
995 458
704 408
959 149
244 571
802 948
121 844
729 577
397 728
578 412
210 916
443 398
450 812
295 248
120 995
805 549
53 200
28 193
493 409
744 549
418 465
81 328
828 962
21 91
163 296
153 769
573 462
475 63
360 498
795 604
391 520
14 94
969 15
442 820
387 528
911 899
417 421
421 665
594 232
408 694
811 239
918 780
212 58
47 104
802 87
260 747
62 199
15 359
939 63
434 78
747 177
132 343
491 661
53 245
682 713
618 315
807 843
516 609
32 972
780 103
819 959
948 503
314 565
665 877
808 944
599 928
398 637
512 107
403 948
292 463
900 910
40 321
200 268
619 729
549 504
930 48
632 862
249 13
909 9
49 123
875 582
544 135
658 503
118 856
474 147
930 310
270 613
900 333
326 828
773 823
575 685
852 417
406 881
451 239
448 343
910 448
658 332
997 509
881 960
641 909
440 535
76 666
699 334
774 278
109 399
384 61
458 361
708 956
455 633
757 772
221 679
124 514
646 92
45 279
961 149
851 655
971 163
739 158
71 426
170 554
725 494
499 469
305 825
74 699
690 496
263 48
949 536
781 269
237 681
877 541
13 181
893 379
803 214
713 462
446 662
391 254
813 601
547 680
540 473
822 338
337 543
41 570
822 928
757 110
457 426
513 691
169 939
894 142
686 659
479 52
458 149
345 738
387 445
711 877
24 843
649 376
279 95
843 681
562 356
763 924
787 550
705 27
207 112
587 901
280 18
969 530
133 514
879 256
254 540
758 957
828 254
144 603
744 347
460 241
722 453
897 592
653 940
250 390
681 703
722 172
93 800
95 508
710 961
904 292
965 291
929 310
154 391
472 40
124 591
572 12
88 73
799 757
485 110
547 803
394 621
291 570
507 223
687 552
993 14
35 717
79 621
822 161
965 14
675 21
759 69
560 200
272 909
384 557
601 274
188 371
812 240
456 466
186 872
794 927
303 473
236 820
996 794
764 69
264 858
62 592
977 919
749 242
348 617
125 455
597 464
329 22
479 340
447 650
719 8
522 491
240 346
583 387
414 43
319 509
620 296
318 317
820 411
185 18
202 504
697 370
677 295
799 74
318 727
992 171
732 48
61 752
30 317
208 797
346 899
836 707
797 520
170 527
98 928
586 711
470 242
594 522
817 541
966 574
655 642
685 914
393 927
125 552
23 974
759 290
712 753
99 84
339 866
593 885
601 303
486 936
714 750
599 533
189 845
147 455
372 401
962 544
92 691
485 796
364 405
616 943
299 553
874 353
609 496
899 573
671 275
210 647
105 396
407 519
362 577
647 120
777 730
754 439
152 809
508 211
692 664
682 511
99 730
15 958
699 588
429 911
501 884
104 740
73 849
940 191
344 39
237 779
168 763
38 184
719 662
755 658
446 520
468 72
682 800
737 692
992 920
555 617
369 840
911 662
536 972
397 810
62 45
876 58
464 664
164 738
930 247
780 464
40 940
353 171
698 306
804 758
201 473
475 833
640 493
638 176
509 159
794 854
287 834
85 857
613 186
474 623
344 135
525 385
112 406
867 710
194 815
487 755
138 833
988 359
23 526
862 821
696 145
750 572
134 497
664 674
561 235
835 761
124 950
554 695
70 226
288 895
884 642
120 835
110 151
618 313
532 357
699 199
701 293
242 63
145 323
481 771
310 547
500 400
183 137
136 392
904 230
431 777
208 914
388 272
344 918
29 23
803 585
252 593
613 652
339 813
421 358
232 354
549 257
613 440
80 692
360 277
222 678
743 78
552 590
50 871
951 120
487 567
324 697
138 668
365 305
659 496
869 154
973 43
237 115
685 105
773 906
711 693
16 186
422 875
744 191
840 503
148 655
602 930
898 28
176 674
453 28
580 581
771 477
570 546
178 421
892 549
844 211
178 886
644 362
127 235
726 279
382 785
934 843
391 98
560 256
720 499
80 64
140 8
20 487
674 227
607 194
441 478
171 759
934 570
720 159
536 969
828 64
378 595
70 523
58 447
820 381
204 570
343 215
835 330
959 864
920 193
216 259
971 363
865 580
772 107
363 965
898 636
157 96
771 85
310 528
829 267
966 279
759 478
781 403
846 907
537 739
964 332
91 494
269 342
579 906
409 667
291 412
42 261
577 915
149 833
193 489
654 435
400 470
77 193
84 517
662 862
911 509
12 675
496 796
119 27
975 916
975 2
892 353
506 36
85 154
463 908
647 418
522 837
405 273
179 216
573 882
644 896
563 890
927 323
260 552
737 997
574 824
443 187
505 84
747 783
524 651
968 619
39 748
370 865
319 825
751 77
79 817
822 787
693 851
950 53
930 311
453 860
902 370
590 345
928 840
477 449
951 243
114 849
384 588
819 190
660 594
500 187
583 142
483 885
252 957
509 748
243 271
101 355
105 961
284 439
202 45
846 810
137 501
746 667
692 938
10 167
763 376
93 918
759 638
380 4
782 197
60 846
534 366
990 735
916 696
679 959
124 797
383 264
800 394
421 517
794 105
86 297
494 887
568 429
569 141
474 786
792 718
94 883
16 88
755 519
530 325
536 882
678 98
828 730
800 969
172 729
509 815
632 787
794 356
861 863
159 757
389 237
414 71
611 870
441 829
819 165
48 169
366 442
655 130
193 13
971 189
869 761
127 851
142 471
340 763
165 54
300 807
549 700
886 825
1 333
331 173
518 935
704 600
341 154
272 950
154 370
833 304
33 714
59 704
941 680
996 208
883 942
335 285
525 335
201 887
869 57
999 127
544 963
956 753
207 724
479 440
696 381
111 286
597 828
559 177
442 492
858 923
437 296
406 26
799 501
223 342
568 406
787 214
280 871
557 294
895 141
657 998
8 847
725 382
260 885
617 245
17 265
702 153
47 690
654 848
118 317
974 728
521 98
913 71
896 116
376 976
817 376
333 279
327 783
320 613
304 987
908 120
986 55
651 811
848 772
365 878
652 743
439 327
411 380
626 119
590 882
547 270
792 735
129 33
188 824
762 878
399 714
538 733
802 249
787 680
838 917
476 205
250 223
978 129
4 781
968 363
202 341
704 725
703 2
395 885
676 407
417 711
784 443
737 31
661 296
44 980
125 636
422 951
92 789
964 622
763 54
253 80
450 924
542 695
534 893
563 142
672 148
977 549
176 784
92 798
158 728
366 937
208 378
394 731
771 578
612 165
857 8
542 980
845 15
279 364
936 873
24 619
289 909
90 613
419 925
569 228
330 706
175 125
887 246
756 305
254 368
95 863
713 7
872 558
236 914
160 423
406 676
198 983
269 827
782 191
124 622
321 448
967 48
52 297
972 733
541 190
222 91
465 956
323 37
904 147
147 894
613 804
394 446
175 925
260 353
256 492
910 941
991 662
489 526
605 222
396 185
918 148
406 840
718 184
737 727
748 959
247 746
418 304
506 142
966 710
832 731
145 714
609 211
49 213
282 742
937 943
843 512
95 826
723 196
148 287
627 214
547 844
407 423
314 746
785 939
168 191
375 172
829 649
820 863
42 115
649 284
672 138
787 932
402 819
831 42
392 969
213 972
472 988
853 147
740 648
480 846
784 730
768 524
226 217
835 321
867 502
417 86
217 845
363 46
36 941
634 596
647 987
338 319
334 335
746 149
970 220
944 721
575 503
900 384
997 310
973 177
50 59
844 324
130 126
535 417
788 340
509 389
468 563
187 881
581 860
930 879
277 267
87 197
562 197
921 507
158 779
271 561
984 539
348 70
41 100
805 158
712 601
396 840
781 129
415 752
95 464
860 599
359 16
12 422
922 502
744 52
22 437
766 240
582 686
133 310
573 835
727 651
504 457
343 236
604 24
272 67
531 61
993 887
94 852
14 951
491 509
335 796
700 873
660 687
144 744
551 67
829 328
658 747
360 838
168 865
54 187
684 983
315 65
767 18
674 509
820 548
394 841
269 17
777 414
876 649
946 330
869 929
272 796
365 385
965 49
880 712
71 469
170 496
53 320
576 388
596 425
879 287
831 40
858 633
979 106
719 859
901 75
894 682
956 608
220 199
488 457
215 821
630 187
724 221
293 310
133 770
776 382
351 925
407 742
270 230
539 978
802 401
66 919
145 573
965 314
605 98
922 924
625 996
653 743
219 541
646 7
258 324
124 857
651 678
78 50
745 237
736 547
925 216
544 247
907 576
836 387
662 310
478 917
973 423
238 699
713 866
971 287
416 172
923 275
222 927
802 731
792 827
885 998
521 440
456 9
156 450
891 820
928 317
373 8
618 572
226 354
306 96
622 349
941 870
473 201
565 943
216 260
875 278
874 918
159 733
891 852
833 473
201 215
13 744
58 532
376 666
80 831
550 73
235 821
82 548
794 416
942 561
153 281
388 5
214 236
683 631
569 199
961 917
265 190
600 280
170 458
585 254
36 915
758 266
316 522
605 518
341 502
70 83
505 730
499 508
701 787
234 682
43 257
767 323
35 757
536 209
257 279
735 111
166 552
37 59
805 987
428 46
101 290
94 977
123 966
209 620
661 636
654 78
945 497
758 181
67 55
493 623
182 831
158 925
924 659
40 193
918 372
367 792
667 630
289 874
175 84
976 739
248 515
164 257
776 567
122 157
795 731
459 278
73 110
363 349
768 676
835 55
173 187
463 802
919 453
828 303
313 870
466 325
88 767
951 797
9 515
187 442
71 534
403 188
840 160
769 73
17 943
879 679
797 132
610 122
881 993
445 615
717 130
654 29
623 449
82 462
312 40
220 248
348 678
320 296
67 58
666 323
570 743
315 654
195 105
710 909
601 568
811 803
626 668
730 336
619 765
166 87
22 424
851 786
978 880
245 529
235 64
285 835
889 752
208 469
466 639
736 571
287 35
768 443
318 780
599 70
605 24
250 829
219 20
847 964
824 19
603 627
611 302
415 54
63 425
870 443
841 802
191 616
649 813
793 16
880 614
613 87
858 812
429 384
268 177
908 700
212 135
522 752
248 540
634 813
670 705
100 120
305 857
214 204
55 996
756 561
312 883
699 737
19 976
385 664
343 811
172 205
855 307
415 943
817 366
527 442
189 652
39 899
965 587
307 103
243 545
955 305
53 639
456 148
946 532
643 345
959 145
824 400
370 263
466 117
159 765
876 244
867 164
292 820
2 153
36 140
589 85
513 22
615 391
847 638
858 612
843 250
35 673
397 141
604 78
300 99
391 194
719 253
231 861
256 729
495 331
728 937
591 980
263 408
846 541
259 612
279 496
156 468
804 166
884 635
829 105
506 468
510 375
240 566
616 920
139 831
85 956
271 810
37 587
240 970
79 316
68 701
118 207
487 295
342 928
878 343
241 29
934 603
776 753
881 93
986 456
619 354
105 629
711 239
562 899
894 896
184 243
86 727
974 33
576 399
694 539
914 955
911 678
297 558
493 547
451 954
275 570
853 961
273 929
289 401
534 674
687 765
249 300
285 358
889 827
1 648
736 361
259 539
563 227
643 798
615 995
738 45
625 366
52 128
173 487
749 601
933 348
988 947
981 444
158 840
408 655
965 44
524 284
259 22
909 93
565 244
570 552
44 51
462 796
816 117
375 258
629 240
276 623
571 258
464 18
199 92
492 765
464 185
975 999
48 346
907 112
709 85
663 651
674 873
851 552
872 528
103 260
221 236
702 850
440 330
262 474
772 161
678 54
156 764
96 854
330 621
203 944
297 316
165 746
377 908
948 722
977 155
114 613
12 69
128 284
447 112
516 771
669 372
488 134
978 310
998 553
212 645
907 609
707 502
170 553
567 483
467 388
247 52
721 882
875 379
967 230
119 477
226 852
179 953
124 571
874 553
188 890
300 665
874 819
196 247
701 405
73 815
214 465
32 602
518 985
987 209
587 671
525 559
621 732
916 30
707 932
511 204
786 176
940 524
832 565
600 466
211 555
696 814
241 224
470 645
951 662
583 99
153 817
812 778
880 45
834 77
870 717
310 838
352 789
223 767
716 551
879 420
93 225
19 336
11 71
189 382
305 106
123 461
518 306
848 186
388 794
348 896
235 715
320 954
352 535
786 227
639 604
729 542
939 129
709 993
505 864
413 750
40 868
811 255
101 518
45 929
920 165
523 886
377 480
371 816
221 471
415 99
212 564
558 457
264 689
871 94
101 446
976 233
98 860
51 431
451 218
929 348
165 786
55 269
259 531
383 468
485 138
18 383
408 23
693 712
89 968
267 267
116 775
841 483
222 452
182 893
410 665
813 20
904 444
756 772
53 128
63 872
530 729
221 197
102 248
771 468
581 671
216 452
219 35
964 161
915 987
173 522
462 496
152 980
783 760
177 572
419 250
414 581
767 706
403 3
756 755
313 277
422 503
470 595
568 456
188 932
596 179
818 523
7 117
812 479
290 724
198 717
29 121
906 412
844 128
486 587
584 12
993 722
796 600
672 810
15 245
676 562
457 94
735 192
369 901
517 786
631 439
302 791
307 66
364 261
347 74
368 444
875 849
477 808
905 84
970 403
536 629
215 624
915 417
482 800
545 330
923 321
878 929
927 716
708 517
66 557
522 796
111 432
260 790
958 138
50 201
230 273
370 296
757 361
752 462
571 121
128 39
866 583
820 482
52 739
909 562
15 601
696 784
564 487
864 105
608 866
271 647
529 121
980 448
241 298
794 224
445 990
877 244
682 663
420 588
236 312
736 23
437 795
593 802
347 37
259 704
236 944
334 415
457 918
376 651
381 835
435 233
74 767
718 158
342 314
191 52
210 825
801 527
967 307
610 796
297 318
305 557
641 817
937 488
179 907
636 70
498 299
832 829
374 467
516 835
766 162
423 575
561 402
250 314
927 882
732 752
318 843
480 199
857 929
260 90
2 906
790 46
405 769
348 935
49 367
66 225
49 181
812 481
279 605
533 854
951 521
90 50
588 321
872 159
706 404
129 540
283 504
841 889
820 168
604 481
671 761
453 810
590 480
650 44
487 215
352 626
36 573
597 449
611 535
475 759
795 705
170 290
131 333
301 32
179 510
92 277
109 60
690 354
642 868
371 36
198 463
496 731
110 429
11 838
471 421
946 541
735 758
950 327
108 282
763 864
712 405
14 389
882 95
44 363
928 926
425 135
582 722
905 787
647 943
930 101
96 71
332 666
959 591
803 758
597 276
938 2
433 462
936 469
960 522
834 310
600 164
170 254
476 609
565 197
494 780
873 939
927 343
552 696
406 790
335 755
394 25
945 141
366 273
282 293
250 26
187 549
543 967
818 761
869 639
817 240
564 690
583 940
75 484
514 995
453 457
176 227
448 244
946 566
619 213
309 994
167 165
762 431
231 893
991 949
678 973
236 688
111 694
469 320
965 126
760 583
953 864
873 848
469 667
863 641
857 779
517 704
738 751
270 151
670 343
998 96
930 296
276 815
583 159
876 936
555 832
26 229
277 522
777 236
69 830
14 616
727 344
957 946
889 812
1 295
309 597
702 799
32 931
130 756
354 897
998 505
241 273
413 438
8 402
616 441
83 924
4 836
304 522
480 248
169 545
707 42
432 631
714 701
458 775
894 999
127 15
708 115
946 118
117 113
660 406
323 527
244 30
618 943
253 972
394 341
710 167
298 624
578 752
900 178
98 155
892 596
967 621
381 739
220 66
837 192
637 921
765 205
198 482
473 491
224 392
476 916
819 527
77 907
537 920
961 171
166 487
104 991
827 526
607 906
456 512
643 60
287 621
948 984
903 118
706 465
58 105
276 438
495 51
468 392
977 696
893 847
127 632
693 295
205 317
877 408
863 257
895 622
38 412
247 414
26 509
612 252
749 366
38 719
290 25
94 985
830 540
187 81
456 225
247 727
679 436
230 846
29 987
108 490
347 149
380 864
663 730
875 37
678 152
512 46
106 833
154 177
541 431
682 930
101 445
676 342
479 307
147 823
259 871
108 60
780 342
388 668
372 321
833 845
171 598
367 943
962 165
660 160
676 675
211 838
355 396
371 88
833 623
57 176
742 210
471 451
354 615
249 108
333 531
521 161
108 932
659 512
285 845
867 958
277 334
954 168
436 65
564 320
874 216
754 406
681 297
529 870
686 392
263 185
159 888
949 192
669 396
223 663
537 36
504 288
817 512
528 584
17 54
794 216
800 72
315 126
498 414
643 649
335 204
611 916
280 87
158 334
472 219
378 288
85 755
439 469
723 255
910 95
4 964
485 419
224 254
563 447
108 347
912 31
299 873
803 713
365 152
676 275
157 918
875 435
168 860
87 704
747 198
457 909
950 872
509 217
688 773
614 168
869 123
826 957
430 606
935 442
102 735
720 35
388 173
55 726
898 54
470 616
596 326
321 272
749 226
166 211
754 469
164 570
938 660
780 951
238 286
117 642
459 401
393 250
394 123
272 122
317 179
843 57
492 790
39 375
998 277
952 719
27 966
571 746
640 31
874 795
154 321
868 527
31 482
374 349
263 616
441 201
234 903
476 584
329 948
102 856
912 14
5 113
418 816
988 596
194 911
296 334
912 557
966 154
484 793
591 442
325 316
124 472
983 91
18 395
994 679
281 862
173 307
605 899
701 477
684 553
437 837
649 978
470 288
602 999
830 760
516 583
302 91
120 47
430 670
85 793
825 219
950 213
408 711
653 577
987 534
660 328
929 262
695 935
239 105
393 624
18 547
206 647
697 309
271 457
66 65
509 735
701 118
810 516
574 343
834 936
605 924
697 11
507 490
556 231
308 820
26 132
764 167
534 204
58 581
349 364
921 856
200 823
340 817
392 584
184 374
626 597
779 93
659 530
522 789
463 858
611 551
768 710
971 486
8 919
662 760
731 688
311 961
200 901
209 723
691 106
285 420
755 333
976 938
948 208
912 673
891 914
628 929
288 146
798 54
182 861
950 70
4 850
781 881
417 841
379 194
335 520
234 569
974 534
44 81
363 680
979 793
253 594
94 766
25 435
135 656
984 327
524 639
269 141
548 371
176 909
463 955
966 251
691 89
923 583
820 343
553 317
179 610
713 30
625 266
243 209
579 343
708 233
972 827
984 838
986 632
607 817
924 554
12 197
225 389
424 819
208 178
166 669
4 861
28 142
22 300
876 779
28 79
595 459
730 204
45 128
601 488
872 95
455 243
179 410
460 309
930 851
307 769
375 490
661 905
522 768
569 505
278 954
176 465
455 288
961 318
717 675
640 481
546 684
613 591
513 654
383 141
513 34
259 665
33 856
326 418
243 768
847 434
138 954
23 837
130 918
733 384
255 648
241 294
135 371
828 653
904 367
718 845
350 79
791 328
285 630
88 832
900 501
304 460
393 573
288 569
198 205
467 243
791 202
35 212
389 895
700 985
252 574
995 583
321 162
48 371
306 736
128 727
406 346
690 528
983 307
319 466
82 406
46 366
737 267
326 171
288 362
487 49
157 748
611 481
870 578
406 99
19 62
761 429
140 711
487 354
164 672
972 587
146 462
853 907
27 278
156 99
185 560
723 368
999 608
240 711
670 868
556 616
173 621
547 846
850 976
711 946
171 275
533 434
50 408
643 688
537 820
492 434
286 54
285 423
431 729
854 357
95 120
155 585
712 181
765 890
384 874
704 333
712 741
271 442
684 148
945 340
260 386
772 128
810 424
295 763
429 26
21 245
203 93
249 544
339 996
777 275
742 51
889 96
976 218
383 35
406 749
260 3
463 603
180 769
324 621
314 736
988 989
372 955
980 349
862 857
919 813
340 830
18 926
164 245
2 495
275 798
788 884
905 804
533 11
834 214
885 643
798 928
71 955
913 713
739 930
303 801
312 637
958 255
350 835
227 602
570 333
647 675
730 79
511 388
156 535
509 737
111 538
632 21
17 10
112 774
697 204
606 521
599 406
902 865
666 626
474 60
334 298
635 944
280 556
806 903
856 370
529 828
764 341
852 680
851 570
367 804
103 929
948 825
28 871
172 845
670 122
847 566
265 694
686 424
830 193
970 147
260 960
157 780
728 935
6 845
295 515
1 416
224 485
176 501
532 117
278 530
177 845
104 160
206 579
926 88
699 983
188 860
928 230
898 41
390 809
178 645
439 619
233 726
531 885
732 617
888 532
944 435
909 587
619 987
730 943
652 209
928 925
795 234
773 734
242 419
849 533
150 301
765 578
348 248
987 547
495 592
279 129
979 935
840 389
562 437
459 920
855 480
15 782
830 768
280 49
171 461
935 736
316 636
410 443
747 479
234 196
861 402
332 684
922 147
366 127
104 712
750 467
870 412
46 931
750 330
178 98
400 501
261 459
20 644
301 750
505 651
403 279
427 894
78 221
105 423
769 549
836 740
866 862
215 537
509 271
848 246
408 634
136 755
862 475
370 409
490 543
983 488
176 619
909 385
84 454
508 912
91 764
447 583
878 945
148 174
748 638
764 995
322 723
481 930
553 833
553 961
454 673
281 69
630 312
610 726
489 22
534 566
867 666
547 587
541 955
32 967
458 564
46 457
754 318
207 577
206 394
417 471
833 552
229 623
649 373
472 575
975 254
183 370
301 24
443 746
744 121
247 901
92 501
276 976
758 688
28 99
576 29
180 988
996 485
245 152
191 544
485 411
579 591
770 399
294 939
103 73
847 94
413 243
319 158
528 239
829 426
668 460
501 396
939 344
756 431
555 769
756 187
634 99
989 788
867 585
824 774
292 124
464 619
335 432
31 213
387 977
456 373
53 246
971 324
603 621
920 781
183 847
792 703
823 724
154 584
783 436
132 280
211 95
667 770
162 271
804 510
441 116
529 65
737 116
692 191
352 82
747 569
794 965
655 793
903 350
729 743
128 255
621 952
507 650
232 263
394 497
325 702
663 654
781 336
699 157
786 58
811 120
285 909
214 568
115 736
89 839
559 914
355 518
9 595
715 159
757 896
595 659
175 410
521 657
669 379
49 841
382 14
345 153
365 549
845 271
874 719
992 80
834 591
405 426
73 532
434 10
296 863
445 741
93 168
307 417
44 116
383 58
267 508
993 492
993 172
887 612
581 512
274 828
390 786
373 619
66 475
717 948
825 297
633 712
183 493
659 609
952 229
360 106
144 549
609 656
838 492
633 203
547 493
316 29
755 81
207 33
691 59
893 573
256 452
590 130
974 751
192 986
587 83
347 600
936 643
803 826
800 281
667 902
649 963
595 262
313 634
580 181
793 294
784 889
488 303
969 230
437 417
108 475
849 186
779 559
536 812
721 360
989 664
868 455
915 718
131 145
792 710
860 780
613 793
92 625
293 383
396 335
660 940
877 245
830 698
560 679
12 865
917 952
181 472
985 625
454 42
228 33
82 213
258 149
449 429
66 714
160 603
103 672
663 561
392 460
67 442
647 266
682 444
160 315
408 253
597 992
306 946
816 237
837 832
546 940
784 996
216 812
976 599
377 698
540 563
716 740
921 21
751 483
337 383
527 614
786 663
717 222
37 369
654 356
267 462
673 318
649 246
344 719
146 55
876 82
382 610
472 958
908 365
250 285
230 947
408 809
566 322
432 958
702 47
479 506
975 521
112 930
853 374
700 612
450 820
488 667
498 37
440 844
442 270
131 106
929 333
812 943
166 895
966 849
51 881
365 128
438 284
472 534
164 634
451 94
693 791
298 966
273 41
440 684
499 85
20 57
197 801
600 784
367 649
744 951
863 200
103 949
710 641
295 870
626 497
108 243
409 598
505 577
137 128
61 692
324 697
954 497
497 652
659 303
583 562
997 959
250 257
80 198
19 143
270 869
502 948
425 990
124 814
356 879
152 990
422 358
655 524
199 857
84 135
105 114
158 745
175 637
728 669
758 746
424 860
647 433
331 628
591 268
357 617
657 471
769 925
775 399
159 386
433 550
424 901
707 480
985 736
904 719
466 927
468 578
889 298
565 289
173 170
833 140
752 328
655 178
55 461
530 662
933 720
39 69
890 186
148 502
529 34
719 299
228 378
727 276
722 179
355 252
683 841
27 126
615 475
503 853
130 784
782 190
8 511
561 176
733 319
10 985
564 531
442 877
161 330
434 770
792 4
797 998
23 509
979 704
724 173
981 942
700 995
776 33
190 338
779 962
605 581
980 500
601 883
933 503
879 428
728 53
548 533
417 470
636 89
107 380
540 572
761 666
188 729
273 929
895 602
341 870
394 75
582 750
580 936
42 760
202 921
625 53
409 705
359 530
235 920
363 65
213 721
632 735
866 716
873 986
165 557
591 885
543 405
913 418
673 914
894 949
789 399
503 586
319 296
211 937
683 838
308 487
196 617
605 273
931 394
981 110
408 60
839 846
12 773
395 711
743 644
802 593
613 717
216 639
944 679
469 371
474 643
505 226
944 551
323 756
120 891
696 238
946 395
412 885
959 611
813 151
31 687
406 920
672 418
541 182
75 938
167 426
452 558
697 820
323 381
127 737
758 187
59 210
275 483
970 545
744 330
318 367
960 954
892 336
856 965
764 564
238 869
737 843
77 721
366 46
277 659
839 523
322 763
501 867
775 413
855 625
863 260
174 533
699 905
294 142
671 959
654 568
527 688
657 558
301 527
812 689
808 233
697 30
945 190
207 271
915 439
323 587
587 267
145 676
984 500
936 215
579 363
856 474
172 552
984 890
186 595
922 475
815 927
196 364
88 647
411 339
729 583
930 153
840 581
858 425
220 172
328 342
142 689
770 766
753 244
558 513
824 735
842 94
163 499
665 691
439 18
384 503
319 134
611 682
218 8
632 729
951 40
224 810
717 785
901 590
937 603
58 511
599 756
175 740
319 179
393 222
869 80
66 90
29 69
431 552
413 857
854 645
394 673
801 444
195 994
444 181
5 335
587 235
592 146
657 192
273 109
507 275
547 253
326 886
272 358
976 214
837 63
106 881
410 318
421 467
174 57
797 399
241 491
619 464
952 838
540 547
795 978
558 529
527 717
259 134
528 779
192 143
340 342
792 535
615 662
327 137
969 739
27 253
380 554
608 419
501 8
252 160
502 742
368 602
527 867
442 223
708 680
235 50
697 512
352 544
334 789
884 75
73 856
53 914
378 641
59 616
235 420
251 948
284 889
691 639
637 418
868 588
783 236
338 763
542 917
698 238
493 277
90 78
669 826
110 179
623 84
32 488
490 163
766 688
321 806
389 192
769 688
68 907
716 522
343 682
662 779
683 971
247 461
66 937
64 294
988 648
108 292
490 93
833 773
105 277
827 712
216 200
568 250
818 601
549 605
294 201
843 57
224 835
331 62
151 646
420 190
223 508
210 876
397 111
432 542
768 346
195 125
294 692
208 802
474 226
3 76
293 694
272 145
319 602
271 291
211 127
74 65
637 321
250 221
799 339
99 652
69 990
996 101
30 118
457 168
710 985
594 981
148 520
147 634
885 737
865 67
993 854
258 907
800 859
759 319
956 664
51 518
405 1
551 953
127 542
191 820
470 765
317 829
417 275
759 162
473 638
439 537
897 564
525 538
175 552
59 541
120 92
989 969
786 332
535 808
788 334
653 883
919 671
419 840
622 855
904 958
659 822
132 180
640 157
982 632
805 748
620 834
74 181
890 427
845 741
504 740
652 614
282 14
170 588
282 76
514 28
284 974
991 793
284 553
298 962
562 768
428 269
565 172
432 820
24 404
256 451
704 198
646 465
924 88
757 995
648 350
540 62
218 750
810 379
131 508
586 439
42 850
747 16
297 439
855 581
652 781
996 769
394 176
609 944
727 64
918 79
108 840
586 249
221 38
65 35
666 174
926 826
626 157
575 483
178 339
509 925
679 532
290 325
135 677
911 778
912 772
219 210
397 606
622 885
523 831
218 967
927 18
497 431
705 783
997 359
49 72
343 562
425 464
873 810
288 830
513 445
907 902
199 189
603 500
448 441
414 364
454 821
533 848
706 6
377 103
326 597
782 633
316 97
852 416
161 333
292 715
301 406
342 696
129 562
782 521
14 486
1 62
286 140
35 945
732 790
502 335
388 880
617 775
930 486
539 462
784 85
414 652
908 277
664 221
50 759
392 467
788 973
750 19
891 756
275 837
474 301
656 937
429 33
160 114
510 572
365 812
682 683
251 780
458 451
60 649
122 326
478 138
323 94
704 227
618 477
795 18
634 301
885 660
442 881
342 342
317 562
901 316
866 323
793 387
786 500
815 441
674 841
763 25
331 267
34 540
731 718
67 137
748 131
430 2
415 867
66 774
746 708
40 163
115 265
673 985
808 387
947 489
790 878
866 35
592 43
686 307
834 240
822 498
527 876
123 654
196 720
543 756
988 320
338 746
375 68
343 378
296 323
142 845
608 530
375 144
903 74
624 615
323 414
212 313
190 511
825 872
208 705
426 406
194 439
447 827
431 258
572 688
320 930
357 162
809 320
116 216
956 359
93 206
348 297
325 858
933 239
711 629
954 245
874 213
828 682
790 136
572 266
242 933
106 852
641 544
735 503
400 833
286 866
597 66
631 326
781 290
18 311
995 853
462 16
233 713
578 873
807 803
154 404
283 952
251 86
888 178
317 823
208 312
936 221
452 384
962 831
335 175
144 352
90 451
100 776
940 354
91 144
531 132
432 704
323 259
36 666
113 926
332 404
599 793
147 844
894 830
307 179
128 477
417 542
728 238
419 180
238 994
738 141
309 539
877 447
311 925
782 568
309 117
565 355
189 985
552 12
726 191
333 205
852 584
989 675
976 642
42 431
740 298
984 372
229 59
496 755
907 271
280 835
839 23
459 540
226 324
665 976
614 121
184 797
429 280
879 459
986 71
385 997
998 422
695 430
469 941
544 980
526 443
342 669
861 35
630 549
850 94
977 54
919 285
860 632
259 39
323 462
802 764
673 167
549 151
280 536
680 989
225 993
932 68
344 603
184 208
770 510
512 779
350 380
230 153
568 300
787 954
121 142
710 30
535 944
198 299
785 913
713 580
1 906
671 883
400 425
243 451
852 974
529 875
521 65
519 295
866 505
296 181
619 370
175 311
352 652
629 110
790 738
947 321
12 757
687 37
487 848
373 430
647 726
386 903
229 873
904 83
921 374
190 135
912 419
667 627
328 489
93 77
643 561
741 493
81 47
990 408
299 116
230 701
878 399
834 792
116 863
789 268
1 735
358 659
117 938
810 812
204 521
779 715
701 378
902 101
85 289
185 450
377 137
660 563
356 776
43 185
682 595
897 298
700 693
150 432
175 299
657 207
723 434
490 794
221 61
3 448
981 222
517 237
713 460
569 571
696 251
259 516
972 696
53 524
856 948
336 114
116 90
414 796
337 723
342 172
526 824
706 337
184 821
313 513
311 319
889 821
541 259
329 34
415 342
595 562
238 652
541 127
639 500
210 143
630 430
414 607
610 364
794 566
650 411
743 775
891 646
682 143
70 774
778 688
267 58
638 146
950 941
859 276
247 38
501 534
116 661
820 970
520 629
848 120
967 654
847 385
198 582
601 234
942 118
724 796
39 754
916 402
744 196
279 860
372 664
604 879
670 687
298 452
531 206
163 177
300 318
727 250
287 526
611 918
3 210
917 772
458 103
224 853
433 812
118 552
282 689
405 164
950 88
555 899
110 274
196 883
270 324
292 78
760 370
835 222
31 381
638 289
902 663
622 684
962 516
295 770
439 146
394 793
130 278
581 69
857 257
473 648
627 807
903 590
604 713
619 66
765 466
167 779
475 839
992 668
937 158
290 580
865 499
19 916
167 117
979 822
963 342
837 513
834 68
117 446
809 884
465 464
216 850
972 681
440 956
446 245
298 473
525 917
874 124
82 466
37 617
530 4
577 802
450 363
858 601
960 378
288 808
173 961
141 371
357 439
565 435
695 266
557 193
961 781
876 640
710 442
38 786
732 560
364 786
325 485
928 775
297 13
984 269
747 973
254 436
23 323
820 701
344 490
33 516
214 20
733 76
424 279
870 908
684 303
54 478
954 995
655 446
15 777
766 346
29 163
458 746
845 229
372 857
391 862
396 407
489 717
849 910
463 674
550 723
127 762
335 161
132 605
666 733
801 395
159 868
617 471
600 400
926 579
735 663
123 180
619 609
223 434
475 638
255 781
662 172
448 402
237 352
815 163
938 618
73 354
770 168
435 859
60 643
433 64
193 867
192 969
625 52
160 544
435 717
343 840
112 237
451 956
415 767
31 316
693 604
795 42
272 212
253 401
583 353
714 426
994 777
168 854
712 142
277 870
820 332
187 429
240 102
459 843
844 830
492 787
794 540
308 602
277 504
877 682
554 404
357 82
32 302
38 407
288 177
436 395
997 115
184 808
785 269
243 557
120 132
435 560
481 988
279 94
83 869
293 328
569 172
87 700
625 783
378 174
898 325
794 253
826 3
58 151
684 56
56 739
571 502
827 93
345 106
293 698
643 86
663 537
124 592
39 196
203 536
412 740
206 239
727 209
676 879
753 450
955 684
185 184
14 128
846 984
647 746
693 413
212 141
42 584
282 914
622 863
174 821
59 428
777 499
348 880
664 805
120 249
654 189
253 769
632 900
957 222
820 756
781 35
198 578
270 994
806 382
45 418
104 878
298 597
545 354
273 683
973 177
205 621
449 580
670 791
823 746
551 401
346 50
370 627
970 727
399 36
748 606
561 266
414 517
450 406
959 810
570 937
493 763
339 102
424 885
116 950
770 572
415 806
348 417
647 809
839 174
172 805
237 468
601 98
708 758
938 507
865 467
367 82
420 109
745 319
537 119
218 756
194 40
601 289
556 226
73 623
522 857
521 316
997 805
949 107
7 773
209 62
651 560
874 703
287 317
897 550
972 994
953 192
438 330
235 524
879 975
780 259
537 837
135 925
82 670
559 396
731 14
292 295
63 58
58 532
251 399
716 585
335 118
243 92
771 498
219 65
997 886
357 494
375 913
620 993
129 227
283 767
161 157
361 862
213 911
573 956
818 981
184 401
166 766
27 251
300 254
809 108
325 886
520 678
958 650
599 586
255 37
858 4
341 50
820 976
377 694
573 859
44 633
741 711
610 416
984 973
665 206
390 593
852 507
833 305
209 156
484 27
147 968
90 655
434 233
377 750
645 901
30 696
803 721
280 553
737 217
461 261
481 805
430 317
978 695
166 840
47 708
998 471
754 595
286 988
948 942
269 368
568 241
411 802
383 952
677 314
564 990
639 324
673 806
550 486
523 723
365 433
706 829
423 972
917 378
89 248
853 946
876 56
549 306
127 933
659 553
380 587
775 713
344 589
727 521
803 57
653 385
876 830
307 819
458 947
982 781
278 687
733 130
198 265
906 861
470 612
733 924
796 541
920 811
801 408
590 298
910 292
432 724
241 887
32 885
840 445
342 434
913 349
838 410
274 680
147 64
802 166
575 498
749 17
789 463
253 137
307 309
250 102
402 311
251 802
131 697
220 925
582 37
951 146
462 549
494 486
35 366
396 132
658 467
643 825
298 665
428 44
965 116
808 34
989 904
494 956
466 441
348 687
452 384
318 575
84 693
622 558
981 474
662 834
80 532
95 359
838 637
134 547
662 489
836 842
139 112
385 644
682 449
892 782
877 558
531 76
705 970
990 232
19 504
479 256
458 545
192 291
268 895
779 714
59 499
794 660
583 201
278 105
323 179
70 39
727 261
168 282
201 212
975 16
499 371
315 667
501 941
638 129
312 502
679 863
383 934
699 647
416 621
34 713
443 270
964 245
221 349
854 122
592 636
632 606
30 738
235 111
